-------------------------------------------------------------
----------------------- !PROPERTIES! ------------------------
-------------------------------------------------------------
# -----------------------------------------------------------
$ PAL_Flags
   description: The PAL Flags
   geom. index: 1
   prop. index: 1
        Diskflag:     2
# -----------------------------------------------------------
$ SCF_Energy
   description: The SCF energy
   geom. index: 1
   prop. index: 1
        SCF Energy:    -1227.8098791168
# -----------------------------------------------------------
$ DFT_Energy
   description: The DFT energy
   geom. index: 1
   prop. index: 1
   Number of Alpha Electrons                 72.0000840792 
   Number of Beta  Electrons                 72.0000840792 
   Total number of  Electrons               144.0001681583 
   Exchange energy                            0.0000000000 
   Correlation energy                         0.0000000000 
   Correlation energy NL                      0.0000000000 
   Exchange-Correlation energy             -102.5925238601 
   Embedding correction                       0.0000000000 
   Total DFT Energy (No VdW correction)   -1227.8098791168 
# -----------------------------------------------------------
$ Solvation_Details
   description: Details concerning solvation
   geom. index: 1
   prop. index: 1
     Epsilon:               38.3000000000
     Refrac:                 1.4300000000
     RSolv:                  1.3000000000
     Surface Type:                      2
     Number of Points:               1782
     Surface Area:        1140.5738155927
     Dielectric Energy:     -0.0195843478
# -----------------------------------------------------------
$ CIS_ABS
   description: The CIS absorption spectrum 
   geom. index: 1
   prop. index: 1
        Number of roots:  300
        The CIS Absorption Spectrum :
                  0          1          2          3          4          5    
      0       0.131229   0.940339  10.748458  -2.516626  -1.385788  -1.579443
      1       0.139737   0.003031   0.032537   0.058083   0.030036  -0.168109
      2       0.161944   0.319412   2.958532   1.382484   0.805688  -0.630982
      3       0.168319   0.072119   0.642703  -0.707675  -0.356681  -0.121147
      4       0.179303   0.015030   0.125734  -0.331752  -0.113645  -0.052524
      5       0.201428   0.028921   0.215369  -0.318992  -0.226644   0.249491
      6       0.206873   0.112839   0.818174  -0.423776   0.218206  -0.768748
      7       0.217092   0.000350   0.002419  -0.046462   0.000446  -0.016137
      8       0.221446   0.031587   0.213962   0.173819   0.229445  -0.362084
      9       0.223108   0.036599   0.246061  -0.435059  -0.198630  -0.131650
     10       0.232825   0.000763   0.004913   0.059230   0.036909  -0.006507
     11       0.235290   0.002574   0.016407   0.017710   0.126640  -0.007455
     12       0.236247   0.029123   0.184913  -0.382550  -0.190975   0.045792
     13       0.240522   0.022221   0.138579   0.337142   0.155561   0.026747
     14       0.241448   0.028727   0.178469   0.349459   0.024641   0.236094
     15       0.246226   0.796737   4.853701  -1.795253  -1.160544   0.532829
     16       0.251428   0.311577   1.858848  -1.119885  -0.125367  -0.767456
     17       0.253779   0.100697   0.595184  -0.329093  -0.438605   0.542685
     18       0.257387   0.019028   0.110889   0.017393  -0.132135   0.305167
     19       0.259890   0.026019   0.150175  -0.366566  -0.117209  -0.045452
     20       0.262924   0.006090   0.034745  -0.129419  -0.134081   0.004279
     21       0.267395   0.171950   0.964586   0.787925   0.444277  -0.382593
     22       0.269612   0.027217   0.151423  -0.298994  -0.173538   0.178633
     23       0.273238   0.005698   0.031279   0.151753   0.090632  -0.005987
     24       0.275091   0.000956   0.005212   0.029671  -0.031918  -0.057556
     25       0.278124   0.006577   0.035473   0.170087  -0.002973  -0.080834
     26       0.278953   0.013475   0.072458  -0.224988  -0.047318  -0.140000
     27       0.279147   0.080001   0.429886  -0.370998  -0.293753  -0.453822
     28       0.282595   0.037294   0.197957  -0.273097  -0.275405   0.218006
     29       0.282807   0.016310   0.086506  -0.189567  -0.128490   0.184555
     30       0.286803   0.030169   0.157788   0.155651  -0.328445  -0.160263
     31       0.288069   0.000075   0.000390  -0.000579  -0.002780   0.019545
     32       0.289107   0.009193   0.047695  -0.154742  -0.067336   0.138621
     33       0.290916   0.001527   0.007873   0.036060  -0.071070  -0.039008
     34       0.291607   0.002771   0.014255  -0.058744  -0.103572   0.008748
     35       0.297141   0.004387   0.022145   0.049156   0.125368  -0.063334
     36       0.298778   0.005576   0.027992   0.035109  -0.092036   0.135237
     37       0.299578   0.010277   0.051458  -0.166559   0.012735   0.153473
     38       0.300191   0.043599   0.217859  -0.243211  -0.169142   0.360691
     39       0.300875   0.004803   0.023947  -0.129629   0.051076   0.067334
     40       0.302857   0.004414   0.021860   0.057772   0.096615  -0.095852
     41       0.303735   0.005807   0.028678  -0.144333   0.000703   0.088572
     42       0.304109   0.004623   0.022804   0.094564   0.041495  -0.110180
     43       0.306328   0.002375   0.011628  -0.074464   0.049908   0.059933
     44       0.306768   0.014786   0.072299  -0.224447   0.143498   0.036481
     45       0.307833   0.017896   0.087201  -0.133835  -0.233552   0.121419
     46       0.309123   0.001918   0.009308  -0.084182  -0.004586   0.046905
     47       0.310555   0.010844   0.052378  -0.020063  -0.225321   0.034723
     48       0.311601   0.021782   0.104855  -0.276015  -0.038392   0.164913
     49       0.311739   0.004814   0.023165   0.028705  -0.114574   0.095986
     50       0.312422   0.100252   0.481330  -0.093638   0.260263  -0.636258
     51       0.315649   0.018027   0.085667  -0.009714   0.048975  -0.288399
     52       0.317466   0.029688   0.140272  -0.362495  -0.046515  -0.081886
     53       0.318507   0.004868   0.022927   0.044130   0.101896   0.102939
     54       0.320153   0.005815   0.027245   0.065146   0.122752  -0.089069
     55       0.321709   0.007536   0.035137   0.135127   0.021390  -0.128143
     56       0.322235   0.056153   0.261389   0.357274   0.172700   0.322366
     57       0.322627   0.040950   0.190388   0.396215   0.147972   0.107267
     58       0.325212   0.008148   0.037581  -0.005210  -0.185906   0.054705
     59       0.325541   0.005030   0.023175   0.003689   0.008730   0.151937
     60       0.325994   0.002028   0.009330  -0.074967  -0.058220  -0.017888
     61       0.327132   0.015740   0.072172   0.101671   0.035920  -0.246058
     62       0.327258   0.039757   0.182226  -0.140735   0.124608  -0.383265
     63       0.329006   0.005176   0.023600   0.004457   0.136754   0.069845
     64       0.330570   0.039469   0.179097   0.176034   0.146620   0.355825
     65       0.332244   0.004584   0.020696   0.061727  -0.024402   0.127634
     66       0.332862   0.003897   0.017560   0.023055  -0.073866   0.107574
     67       0.333862   0.005346   0.024020   0.137154   0.067015  -0.026799
     68       0.334726   0.013854   0.062083  -0.102567   0.227069  -0.001658
     69       0.335086   0.003077   0.013775  -0.044769   0.006900   0.108271
     70       0.335735   0.005998   0.026798   0.030345  -0.024432   0.158999
     71       0.336385   0.017499   0.078030   0.085030  -0.012119   0.265807
     72       0.337475   0.048213   0.214295   0.220681   0.307712   0.266287
     73       0.338042   0.053652   0.238072   0.394501   0.092172   0.271929
     74       0.339992   0.153282   0.676261  -0.301107  -0.167059  -0.746785
     75       0.341031   0.017014   0.074834  -0.075079  -0.033487  -0.260912
     76       0.341294   0.013740   0.060389   0.102373   0.035693  -0.220532
     77       0.341424   0.022073   0.096973   0.044470   0.073070   0.299426
     78       0.342709   0.005841   0.025566   0.034956   0.120459  -0.099166
     79       0.344515   0.001831   0.007973   0.027599   0.083351   0.016232
     80       0.344851   0.002438   0.010604   0.059968   0.079531  -0.026120
     81       0.345172   0.026599   0.115590  -0.220648  -0.202220   0.161282
     82       0.346918   0.007632   0.032997   0.134790   0.097340   0.073170
     83       0.347465   0.027958   0.120694  -0.138231  -0.114176  -0.297574
     84       0.348555   0.010476   0.045083  -0.197790   0.068911   0.034828
     85       0.350049   0.000894   0.003831   0.039842  -0.046335  -0.009850
     86       0.351099   0.001274   0.005442   0.025397  -0.047663   0.050256
     87       0.351939   0.003065   0.013064   0.021924  -0.052016  -0.099384
     88       0.352559   0.005426   0.023087  -0.122655   0.024658   0.086227
     89       0.353272   0.003630   0.015411  -0.003058   0.066234  -0.104952
     90       0.355415   0.001212   0.005114  -0.001720   0.059369   0.039836
     91       0.356988   0.010230   0.042985  -0.003612   0.207287  -0.002097
     92       0.357486   0.131193   0.550480  -0.313264  -0.145268   0.656691
     93       0.358718   0.006156   0.025742  -0.026404   0.105743   0.117741
     94       0.359290   0.036721   0.153305   0.093991   0.017745  -0.379679
     95       0.359982   0.012000   0.050002   0.037581   0.043708  -0.216053
     96       0.361168   0.008967   0.037241  -0.088385   0.157580  -0.067803
     97       0.361696   0.002900   0.012025   0.030237   0.075598  -0.073453
     98       0.362083   0.075713   0.313656  -0.147141  -0.060011   0.537032
     99       0.362486   0.020197   0.083579   0.131576  -0.001573  -0.257418
    100       0.362840   0.007342   0.030352   0.133893   0.042894   0.102885
    101       0.363540   0.006027   0.024866   0.004755   0.088372   0.130513
    102       0.363783   0.015292   0.063052  -0.032486   0.211019  -0.132166
    103       0.364646   0.005085   0.020918  -0.022079  -0.142897   0.003385
    104       0.365148   0.000995   0.004087   0.050431  -0.029819  -0.025588
    105       0.365833   0.001482   0.006078  -0.033976   0.028625   0.064067
    106       0.366469   0.004112   0.016830   0.007889   0.102525  -0.079099
    107       0.366882   0.020748   0.084828   0.068273  -0.169105   0.227090
    108       0.367033   0.003484   0.014239   0.045916  -0.072719   0.082720
    109       0.367074   0.001792   0.007323   0.065824   0.054573   0.003515
    110       0.368000   0.001738   0.007083  -0.001243   0.078372   0.030649
    111       0.369363   0.001739   0.007063   0.022861   0.001203  -0.080865
    112       0.371595   0.000219   0.000886   0.001325   0.025086   0.015962
    113       0.372870   0.013761   0.055358  -0.213148  -0.009097   0.099212
    114       0.373462   0.049048   0.197002   0.433193   0.096472  -0.006183
    115       0.374109   0.008629   0.034600   0.164709   0.078612  -0.035926
    116       0.374913   0.000959   0.003837  -0.034011  -0.008660   0.051041
    117       0.375456   0.015309   0.061162   0.175503   0.163883  -0.059186
    118       0.375891   0.000859   0.003426  -0.036288  -0.028958  -0.035649
    119       0.376924   0.010419   0.041463  -0.067823  -0.161862   0.103267
    120       0.377815   0.006154   0.024433   0.116301   0.081789  -0.064947
    121       0.377871   0.017441   0.069234  -0.049371  -0.258388  -0.005631
    122       0.378714   0.005962   0.023613   0.060555  -0.095390   0.104150
    123       0.379044   0.002363   0.009350  -0.062379  -0.055002  -0.049333
    124       0.379606   0.008115   0.032068   0.139777  -0.060576  -0.094132
    125       0.380204   0.021541   0.084983   0.137489   0.234925   0.104358
    126       0.380641   0.040364   0.159064  -0.263258  -0.128010   0.270874
    127       0.380945   0.002828   0.011134   0.003766   0.033093   0.100122
    128       0.381774   0.006599   0.025928  -0.141337   0.064088  -0.042947
    129       0.382370   0.017534   0.068783  -0.014780   0.189148  -0.181073
    130       0.382973   0.011923   0.046699  -0.174368   0.020894  -0.125928
    131       0.383632   0.016188   0.063295  -0.016232   0.091580   0.233761
    132       0.383727   0.006900   0.026973  -0.047773  -0.154207   0.030189
    133       0.384294   0.018362   0.071672   0.107916   0.036708  -0.242236
    134       0.385162   0.009538   0.037146   0.057149  -0.024949  -0.182365
    135       0.386064   0.005136   0.019955   0.098312  -0.101435  -0.000685
    136       0.386263   0.005028   0.019527  -0.060560  -0.088766  -0.089331
    137       0.387207   0.007688   0.029784   0.122657   0.025388   0.118722
    138       0.387525   0.003008   0.011643  -0.029507   0.073276   0.073506
    139       0.388068   0.006743   0.026063  -0.107557  -0.002388   0.120367
    140       0.388933   0.006622   0.025540  -0.142589  -0.070020  -0.017490
    141       0.389588   0.002931   0.011283  -0.095182  -0.043336   0.018596
    142       0.390105   0.014299   0.054982   0.189064   0.016476  -0.137714
    143       0.390251   0.053557   0.205854  -0.179371  -0.107876   0.402545
    144       0.390381   0.184476   0.708832  -0.598441  -0.485969   0.338431
    145       0.391052   0.032190   0.123475   0.166980  -0.074042   0.300185
    146       0.391389   0.045187   0.173180   0.340011   0.131253  -0.200862
    147       0.391830   0.016809   0.064346  -0.252326   0.006650   0.025171
    148       0.392565   0.036023   0.137644   0.037405   0.037748  -0.367179
    149       0.392771   0.050916   0.194448  -0.334495  -0.088311   0.273426
    150       0.392842   0.023332   0.089091  -0.140518  -0.131876   0.227934
    151       0.393099   0.074340   0.283668   0.236186   0.029350  -0.476469
    152       0.393622   0.002330   0.008880  -0.076433  -0.028679   0.047067
    153       0.394097   0.013762   0.052382  -0.055317   0.191724   0.112090
    154       0.394366   0.007916   0.030110   0.041803  -0.118887   0.119281
    155       0.395642   0.004705   0.017839   0.037365  -0.018921  -0.126827
    156       0.397013   0.069392   0.262178  -0.225621  -0.151961   0.433799
    157       0.397802   0.052383   0.197521   0.303109   0.144006  -0.291392
    158       0.399295   0.035864   0.134729   0.168756   0.302360   0.121775
    159       0.399566   0.040857   0.153378  -0.386713  -0.007017  -0.061497
    160       0.400445   0.014346   0.053738  -0.155240  -0.040750   0.167265
    161       0.400828   0.003352   0.012546   0.105155  -0.007390  -0.037862
    162       0.401105   0.009601   0.035903   0.076109   0.044105   0.167826
    163       0.401460   0.024878   0.092952   0.122024  -0.043226  -0.276032
    164       0.402782   0.005375   0.020018  -0.118404  -0.043275   0.064232
    165       0.402924   0.036208   0.134793   0.160952   0.034279  -0.328196
    166       0.403129   0.009999   0.037205   0.098978   0.127063  -0.106129
    167       0.404045   0.006213   0.023066   0.114347   0.070511   0.070845
    168       0.404980   0.003774   0.013977  -0.113950   0.023222  -0.021297
    169       0.405119   0.006088   0.022541   0.136669  -0.056722  -0.025409
    170       0.405199   0.001135   0.004202  -0.016470   0.008042   0.062180
    171       0.405835   0.009072   0.033531   0.042344   0.140609  -0.109393
    172       0.406287   0.007992   0.029505  -0.095848   0.109389  -0.091389
    173       0.406718   0.010358   0.038203   0.158278   0.011699  -0.114079
    174       0.407056   0.016955   0.062481   0.086287  -0.125496   0.198207
    175       0.407923   0.017210   0.063283  -0.106948  -0.028839  -0.225862
    176       0.408730   0.044264   0.162444  -0.320567  -0.194253   0.148145
    177       0.408922   0.010444   0.038309  -0.045975   0.043303  -0.185258
    178       0.409303   0.107645   0.394494   0.426005   0.255399   0.384428
    179       0.409915   0.047099   0.172350   0.397702   0.087283  -0.081022
    180       0.410435   0.000414   0.001512   0.018491   0.030202   0.016066
    181       0.411304   0.004645   0.016939  -0.109724   0.037630  -0.059021
    182       0.411350   0.050232   0.183174   0.295364   0.293224  -0.099767
    183       0.411511   0.051665   0.188325   0.288479  -0.047715  -0.320669
    184       0.411674   0.004300   0.015667  -0.040137  -0.052654   0.106226
    185       0.412261   0.005543   0.020167   0.081530   0.116113   0.006139
    186       0.412783   0.059658   0.216791   0.253959   0.275970  -0.275929
    187       0.413836   0.041823   0.151593  -0.317746  -0.169107   0.148436
    188       0.414314   0.006401   0.023174   0.028847  -0.148491  -0.017090
    189       0.414691   0.000476   0.001721  -0.039197   0.010423  -0.008711
    190       0.415914   0.014257   0.051418   0.153345   0.162484   0.038766
    191       0.416321   0.046997   0.169331  -0.171703  -0.240829   0.286096
    192       0.416429   0.045850   0.165155  -0.295185  -0.243676   0.136539
    193       0.416914   0.009670   0.034792   0.139805   0.022677  -0.121375
    194       0.417113   0.075161   0.270289  -0.147848  -0.060902  -0.494693
    195       0.417953   0.003739   0.013418  -0.008945   0.082941  -0.080364
    196       0.418170   0.051742   0.185600  -0.106563  -0.064534   0.412407
    197       0.418925   0.028220   0.101045  -0.024352  -0.122961  -0.292118
    198       0.419095   0.024579   0.087972  -0.030761   0.157928   0.249168
    199       0.419592   0.003831   0.013695   0.055879  -0.086400   0.055748
    200       0.419881   0.043967   0.157070   0.327670   0.168918   0.145495
    201       0.420206   0.003606   0.012873   0.075464   0.067171  -0.051633
    202       0.420445   0.008160   0.029112  -0.083899  -0.147504   0.017767
    203       0.421157   0.001979   0.007050   0.027646  -0.048932  -0.062382
    204       0.421950   0.050836   0.180718  -0.280146   0.034318  -0.317897
    205       0.422864   0.030372   0.107736  -0.189868  -0.265829   0.031964
    206       0.423180   0.037576   0.133192   0.273071   0.219646  -0.101881
    207       0.423658   0.037761   0.133695  -0.287335  -0.222872   0.038233
    208       0.424225   0.008946   0.031632  -0.176093  -0.018468   0.016794
    209       0.424669   0.051362   0.181420   0.391648   0.056755  -0.157516
    210       0.425409   0.023100   0.081451   0.098045  -0.249109   0.098907
    211       0.425633   0.017861   0.062946   0.019567  -0.076474   0.238149
    212       0.426406   0.061216   0.215344   0.289523   0.177249   0.316391
    213       0.426439   0.123546   0.434572  -0.555902  -0.090073  -0.342684
    214       0.426608   0.052204   0.183556  -0.386650  -0.166989  -0.078565
    215       0.426821   0.031861   0.111971   0.269808   0.096053   0.173056
    216       0.427060   0.011278   0.039614   0.038174   0.135595   0.140609
    217       0.427626   0.001690   0.005927   0.059194   0.010322  -0.048136
    218       0.427875   0.007380   0.025873   0.009370   0.006765   0.160436
    219       0.428636   0.009085   0.031791  -0.040596  -0.136388   0.107431
    220       0.429660   0.051558   0.179996   0.328492   0.161510   0.214484
    221       0.430100   0.015521   0.054132  -0.216058  -0.031068  -0.080534
    222       0.430303   0.011653   0.040620  -0.165475  -0.078047  -0.084540
    223       0.430687   0.042538   0.148152  -0.175216  -0.061182  -0.337206
    224       0.431127   0.084306   0.293322  -0.420748  -0.083861  -0.330546
    225       0.431451   0.008969   0.031181   0.034795   0.132740   0.111133
    226       0.431696   0.036225   0.125871   0.187170   0.285593   0.096308
    227       0.432553   0.019619   0.068036   0.111683  -0.045157   0.231352
    228       0.432927   0.015654   0.054238  -0.195070  -0.067634  -0.107758
    229       0.433138   0.020248   0.070121   0.135991   0.226125   0.022259
    230       0.433286   0.011778   0.040773   0.105525  -0.152292  -0.080280
    231       0.433634   0.114143   0.394836  -0.551207  -0.230478  -0.194644
    232       0.433798   0.014209   0.049133  -0.039140   0.202968  -0.080035
    233       0.433978   0.042930   0.148383  -0.324328  -0.206809  -0.020605
    234       0.434492   0.002139   0.007384   0.033162  -0.075449  -0.024331
    235       0.434883   0.103270   0.356198  -0.212595   0.550519  -0.089055
    236       0.435325   0.045501   0.156784  -0.391165  -0.041912  -0.044907
    237       0.436637   0.033130   0.113813   0.199856  -0.103721  -0.251223
    238       0.437174   0.019111   0.065571   0.011071  -0.255825  -0.001238
    239       0.437666   0.015197   0.052084  -0.039303  -0.081027   0.209699
    240       0.437943   0.013583   0.046524  -0.078747   0.165780  -0.113313
    241       0.437994   0.018275   0.062585  -0.013169  -0.230007  -0.097510
    242       0.438536   0.027629   0.094504  -0.176067  -0.084015   0.237582
    243       0.438820   0.002899   0.009909  -0.069921  -0.070498   0.007084
    244       0.439084   0.002513   0.008584  -0.065659  -0.045656   0.046785
    245       0.439347   0.004815   0.016438  -0.082720   0.087177   0.044676
    246       0.439507   0.024147   0.082412  -0.038173  -0.167040   0.230330
    247       0.439649   0.006373   0.021745  -0.058826   0.103225   0.087346
    248       0.440011   0.087055   0.296771  -0.027575  -0.062787  -0.540433
    249       0.440469   0.022030   0.075022  -0.018468   0.031000  -0.271515
    250       0.440650   0.002954   0.010056  -0.055084   0.058894  -0.059613
    251       0.440872   0.006229   0.021194  -0.003531  -0.035035  -0.141259
    252       0.441521   0.015460   0.052522  -0.176958   0.136697   0.050218
    253       0.441998   0.018768   0.063694  -0.003292  -0.135183  -0.213093
    254       0.442101   0.048308   0.163902   0.216493   0.341894  -0.011910
    255       0.442617   0.035855   0.121509  -0.340496  -0.069543  -0.027118
    256       0.442898   0.016156   0.054717   0.204337  -0.099956  -0.054520
    257       0.443347   0.036799   0.124505   0.130033   0.162493  -0.284943
    258       0.444021   0.053385   0.180348  -0.024562   0.421675   0.043983
    259       0.444333   0.029875   0.100853   0.118283  -0.154334   0.251084
    260       0.444411   0.008161   0.027546   0.015012  -0.091610  -0.137581
    261       0.444936   0.025070   0.084518  -0.023417  -0.063807   0.282663
    262       0.445715   0.022357   0.075240   0.149513   0.023098  -0.228806
    263       0.446137   0.214593   0.721503  -0.233298  -0.063622  -0.814265
    264       0.446945   0.046969   0.157634   0.237130  -0.294226  -0.121796
    265       0.447171   0.020213   0.067804   0.085562   0.117052   0.216292
    266       0.447279   0.004330   0.014521  -0.078021   0.086131   0.031868
    267       0.447861   0.018507   0.061985   0.193429   0.031900   0.153470
    268       0.448118   0.016823   0.056311  -0.014402  -0.215678  -0.097910
    269       0.448650   0.003559   0.011899  -0.043647   0.079502  -0.060605
    270       0.448954   0.000238   0.000794  -0.012399   0.017521   0.018254
    271       0.449007   0.071176   0.237777   0.096927  -0.428341  -0.211911
    272       0.449460   0.002715   0.009060  -0.046408  -0.061829  -0.055532
    273       0.449748   0.038181   0.127340   0.142091   0.149843   0.291028
    274       0.450600   0.004547   0.015137   0.076584  -0.096236   0.003292
    275       0.450746   0.039265   0.130667  -0.106681   0.327552   0.109527
    276       0.451039   0.045306   0.150671   0.238600  -0.022867  -0.305316
    277       0.451459   0.006574   0.021843  -0.139874  -0.006159   0.047335
    278       0.451526   0.045294   0.150471   0.012793   0.048213   0.384685
    279       0.452138   0.001534   0.005088  -0.055789   0.005137  -0.044146
    280       0.452405   0.012686   0.042062  -0.089151   0.106495   0.150906
    281       0.452495   0.037187   0.123274   0.127502   0.327071   0.006489
    282       0.452688   0.027586   0.091407  -0.039378   0.298945   0.022104
    283       0.453668   0.057364   0.189668   0.118098   0.219878   0.356895
    284       0.453718   0.074644   0.246773   0.428786  -0.093493   0.232756
    285       0.453954   0.025033   0.082717   0.235932  -0.071050  -0.148340
    286       0.454532   0.068158   0.224926   0.121753  -0.434680  -0.145450
    287       0.454633   0.016838   0.055555  -0.218072   0.067917   0.058194
    288       0.455122   0.065992   0.217496   0.076942  -0.452054   0.084991
    289       0.455558   0.046990   0.154722   0.273811  -0.259862   0.110553
    290       0.455799   0.030445   0.100194   0.177997  -0.023192   0.260717
    291       0.456074   0.008076   0.026562  -0.155703   0.047178  -0.009631
    292       0.456496   0.008772   0.028823  -0.087158   0.095058  -0.110410
    293       0.456736   0.077670   0.255081   0.222438   0.220547  -0.396183
    294       0.457249   0.008707   0.028563   0.164182  -0.035784  -0.018086
    295       0.457629   0.021152   0.069331  -0.039557  -0.132530  -0.224058
    296       0.458056   0.014899   0.048791  -0.052550   0.028490   0.212645
    297       0.458427   0.008535   0.027926  -0.033279  -0.095125   0.133305
    298       0.458719   0.025688   0.084000  -0.073043   0.279265   0.025987
    299       0.458976   0.008793   0.028736  -0.045410  -0.020715   0.162004
        The CIS Absorption Spectrum (Velocity):
                  0          1          2          3          4          5    
      0       0.131229   0.949206   0.186845   0.331764   0.182227   0.208737
      1       0.139737   0.002928   0.000614  -0.008201  -0.002897   0.023195
      2       0.161944   0.315650   0.076677  -0.222098  -0.129734   0.102558
      3       0.168319   0.072183   0.018225   0.119134   0.059963   0.020882
      4       0.179303   0.014363   0.003863   0.058459   0.019007   0.009183
      5       0.201428   0.029140   0.008804   0.062363   0.044159  -0.054454
      6       0.206873   0.115636   0.035883   0.088404  -0.046713   0.160890
      7       0.217092   0.000508   0.000165   0.011922  -0.003253   0.003564
      8       0.221446   0.032006   0.010632  -0.039691  -0.052242   0.079542
      9       0.223108   0.038048   0.012733   0.098805   0.045002   0.030750
     10       0.232825   0.000724   0.000253  -0.013826  -0.007732   0.001385
     11       0.235290   0.002651   0.000935  -0.003666  -0.030302   0.001960
     12       0.236247   0.027584   0.009775   0.088120   0.043668  -0.010138
     13       0.240522   0.021394   0.007719  -0.079724  -0.036531  -0.005320
     14       0.241448   0.029403   0.010649  -0.085215  -0.006092  -0.057881
     15       0.246226   0.796849   0.294307   0.442611   0.285286  -0.130439
     16       0.251428   0.305183   0.115097   0.278702   0.031820   0.190814
     17       0.253779   0.100199   0.038143   0.080878   0.110042  -0.139614
     18       0.257387   0.018881   0.007290  -0.002229   0.036868  -0.076977
     19       0.259890   0.026555   0.010352   0.096539   0.030075   0.011310
     20       0.262924   0.006359   0.002508   0.033334   0.037354  -0.001188
     21       0.267395   0.169689   0.068061  -0.209718  -0.118257   0.100470
     22       0.269612   0.026998   0.010918   0.080993   0.046203  -0.047156
     23       0.273238   0.005581   0.002287  -0.041354  -0.023934   0.002072
     24       0.275091   0.000747   0.000308  -0.006884   0.006859   0.014626
     25       0.278124   0.005441   0.002270  -0.042911  -0.009304   0.018491
     26       0.278953   0.014313   0.005989   0.064556   0.011045   0.041223
     27       0.279147   0.082695   0.034626   0.106037   0.083133   0.128339
     28       0.282595   0.038107   0.016153   0.078409   0.078705  -0.061733
     29       0.282807   0.016893   0.007166   0.055901   0.035682  -0.052612
     30       0.286803   0.025249   0.010862  -0.041223   0.086343   0.041323
     31       0.288069   0.000069   0.000030   0.000475   0.000843  -0.005363
     32       0.289107   0.008533   0.003700   0.042317   0.018852  -0.039423
     33       0.290916   0.001581   0.000690  -0.009340   0.021824   0.011233
     34       0.291607   0.002710   0.001185   0.016577   0.030120  -0.001795
     35       0.297141   0.004183   0.001865  -0.013177  -0.036199   0.019509
     36       0.298778   0.005193   0.002327  -0.009465   0.024830  -0.040265
     37       0.299578   0.008137   0.003656   0.044631   0.005963  -0.040360
     38       0.300191   0.042610   0.019186   0.071257   0.045718  -0.109630
     39       0.300875   0.004472   0.002018   0.037802  -0.015408  -0.018752
     40       0.302857   0.004283   0.001946  -0.016407  -0.028968   0.028937
     41       0.303735   0.005824   0.002653   0.043475  -0.002463  -0.027519
     42       0.304109   0.004508   0.002056  -0.027012  -0.012826   0.034090
     43       0.306328   0.002094   0.000962   0.021406  -0.014315  -0.017291
     44       0.306768   0.014250   0.006557   0.067585  -0.043144  -0.011319
     45       0.307833   0.016846   0.007778   0.038145   0.069919  -0.037878
     46       0.309123   0.001562   0.000724   0.023078   0.003798  -0.013309
     47       0.310555   0.009508   0.004429   0.008288   0.064905  -0.012158
     48       0.311601   0.021785   0.010182   0.086971   0.016775  -0.048343
     49       0.311739   0.004138   0.001935  -0.006853   0.032089  -0.029300
     50       0.312422   0.096386   0.045170   0.030427  -0.079648   0.194679
     51       0.315649   0.017340   0.008210   0.002839  -0.012664   0.089675
     52       0.317466   0.030285   0.014422   0.115630   0.018448   0.026670
     53       0.318507   0.004606   0.002200  -0.017745  -0.028322  -0.032917
     54       0.320153   0.005825   0.002797  -0.020540  -0.038249   0.030204
     55       0.321709   0.006865   0.003313  -0.040038  -0.012980   0.039258
     56       0.322235   0.057368   0.027729  -0.113392  -0.061003  -0.105594
     57       0.322627   0.043180   0.020897  -0.130290  -0.049990  -0.037713
     58       0.325212   0.007231   0.003528   0.005051   0.056663  -0.017069
     59       0.325541   0.004646   0.002269  -0.001572  -0.001430  -0.047585
     60       0.325994   0.001896   0.000927   0.024009   0.017967   0.005278
     61       0.327132   0.015874   0.007789  -0.034967  -0.008063   0.080632
     62       0.327258   0.038868   0.019080   0.045123  -0.039426   0.124457
     63       0.329006   0.004647   0.002293  -0.002501  -0.041648  -0.023502
     64       0.330570   0.038754   0.019216  -0.063078  -0.041860  -0.116126
     65       0.332244   0.004330   0.002158  -0.020279   0.007872  -0.041046
     66       0.332862   0.003581   0.001788  -0.006640   0.021975  -0.035512
     67       0.333862   0.005206   0.002607  -0.045248  -0.022840   0.006174
     68       0.334726   0.011565   0.005807   0.031063  -0.069577   0.000784
     69       0.335086   0.003463   0.001741   0.015412  -0.007566  -0.038025
     70       0.335735   0.005997   0.003020  -0.010884   0.008298  -0.053225
     71       0.336385   0.017352   0.008755  -0.028341   0.003471  -0.089107
     72       0.337475   0.046723   0.023652  -0.076554  -0.099787  -0.088508
     73       0.338042   0.055110   0.027944  -0.131685  -0.034042  -0.097182
     74       0.339992   0.157373   0.080258   0.105606   0.060188   0.255896
     75       0.341031   0.017726   0.009068   0.027378   0.009017   0.090757
     76       0.341294   0.012833   0.006570  -0.031528  -0.013511   0.073439
     77       0.341424   0.023541   0.012056  -0.017343  -0.026359  -0.105169
     78       0.342709   0.005542   0.002849  -0.011444  -0.037509   0.036205
     79       0.344515   0.001927   0.000996  -0.008201  -0.030068  -0.004966
     80       0.344851   0.002546   0.001317  -0.019395  -0.029400   0.008735
     81       0.345172   0.025726   0.013320   0.075947   0.064697  -0.058018
     82       0.346918   0.007695   0.004005  -0.046956  -0.033123  -0.026504
     83       0.347465   0.029938   0.015604   0.052118   0.040513   0.106048
     84       0.348555   0.009768   0.005107   0.067473  -0.020906  -0.010839
     85       0.350049   0.001297   0.000681  -0.015647   0.020297   0.004934
     86       0.351099   0.001176   0.000619  -0.008778   0.014891  -0.017897
     87       0.351939   0.002902   0.001532  -0.006597   0.016203   0.035017
     88       0.352559   0.005416   0.002864   0.043860  -0.008264  -0.029536
     89       0.353272   0.003346   0.001773  -0.000085  -0.020237   0.036926
     90       0.355415   0.001044   0.000557   0.001714  -0.019312  -0.013441
     91       0.356988   0.009378   0.005022   0.002372  -0.070816   0.001157
     92       0.357486   0.129371   0.069373   0.113060   0.052750  -0.231964
     93       0.358718   0.005849   0.003147   0.011120  -0.037675  -0.040053
     94       0.359290   0.033726   0.018176  -0.029130  -0.010867   0.131184
     95       0.359982   0.011810   0.006377  -0.016096  -0.012671   0.077186
     96       0.361168   0.008823   0.004780   0.031257  -0.056549   0.024595
     97       0.361696   0.003121   0.001693  -0.008785  -0.031348   0.025164
     98       0.362083   0.075457   0.040982   0.056721   0.022308  -0.193048
     99       0.362486   0.018894   0.010273  -0.045541  -0.003173   0.090493
    100       0.362840   0.006807   0.003705  -0.048498  -0.013953  -0.034030
    101       0.363540   0.005841   0.003185   0.000708  -0.031247  -0.046995
    102       0.363783   0.014311   0.007809   0.009800  -0.072985   0.048849
    103       0.364646   0.003842   0.002102   0.010955   0.044485  -0.001664
    104       0.365148   0.000908   0.000497  -0.016811   0.011175   0.009476
    105       0.365833   0.001550   0.000851   0.012953  -0.011458  -0.023484
    106       0.366469   0.003466   0.001905  -0.004143  -0.032630   0.028698
    107       0.366882   0.018949   0.010428  -0.024619   0.058777  -0.079793
    108       0.367033   0.003227   0.001777  -0.018572   0.024504  -0.028831
    109       0.367074   0.001931   0.001063  -0.024543  -0.021471  -0.000245
    110       0.368000   0.001592   0.000879   0.000094  -0.028019  -0.009687
    111       0.369363   0.001835   0.001017  -0.009339   0.001554   0.030449
    112       0.371595   0.000230   0.000128   0.000979  -0.009681  -0.005805
    113       0.372870   0.013444   0.007519   0.078968   0.003237  -0.035673
    114       0.373462   0.049227   0.027577  -0.162079  -0.035887   0.004364
    115       0.374109   0.008642   0.004850  -0.060727  -0.031359   0.013359
    116       0.374913   0.000991   0.000557   0.013297   0.002883  -0.019288
    117       0.375456   0.015369   0.008655  -0.065831  -0.061248   0.023880
    118       0.375891   0.000814   0.000459   0.012431   0.011948   0.012722
    119       0.376924   0.010839   0.006128   0.025771   0.064466  -0.036168
    120       0.377815   0.006097   0.003455  -0.039614  -0.031546   0.029845
    121       0.377871   0.016182   0.009172   0.020931   0.093419   0.002568
    122       0.378714   0.005586   0.003173  -0.020961   0.038547  -0.035328
    123       0.379044   0.002356   0.001340   0.022481   0.021315   0.019495
    124       0.379606   0.007287   0.004149  -0.051781   0.019443   0.033016
    125       0.380204   0.019676   0.011222  -0.051588  -0.085082  -0.036349
    126       0.380641   0.040561   0.023159   0.098529   0.050713  -0.104303
    127       0.380945   0.002699   0.001542  -0.003671  -0.009197  -0.038001
    128       0.381774   0.006011   0.003442   0.052068  -0.022984   0.014249
    129       0.382370   0.017528   0.010053   0.002137  -0.070097   0.071662
    130       0.382973   0.011110   0.006382   0.062919  -0.004546   0.049019
    131       0.383632   0.015915   0.009158   0.005653  -0.035839  -0.088555
    132       0.383727   0.006171   0.003552   0.017507   0.055714  -0.011895
    133       0.384294   0.017349   0.010001  -0.037410  -0.013427   0.091765
    134       0.385162   0.009269   0.005355  -0.019707   0.006785   0.070148
    135       0.386064   0.005156   0.002986  -0.038223   0.039048  -0.000460
    136       0.386263   0.004949   0.002868   0.024153   0.032340   0.035189
    137       0.387207   0.007220   0.004193  -0.045550  -0.010294  -0.044860
    138       0.387525   0.002739   0.001592   0.010958  -0.025472  -0.028694
    139       0.388068   0.006387   0.003718   0.039869   0.002468  -0.046071
    140       0.388933   0.005794   0.003380   0.052351   0.024597   0.005883
    141       0.389588   0.002817   0.001646   0.036298   0.016873  -0.006616
    142       0.390105   0.013935   0.008154  -0.071601  -0.011083   0.053894
    143       0.390251   0.055048   0.032224   0.071075   0.040051  -0.159901
    144       0.390381   0.181250   0.106135   0.231358   0.184773  -0.135894
    145       0.391052   0.032549   0.019092  -0.066171   0.026808  -0.118301
    146       0.391389   0.042421   0.024905  -0.128687  -0.050963   0.075809
    147       0.391830   0.017639   0.010367   0.100946  -0.007783  -0.010809
    148       0.392565   0.032290   0.019014  -0.022590  -0.018953   0.134700
    149       0.392771   0.051456   0.030315   0.129489   0.034140  -0.111277
    150       0.392842   0.024788   0.014607   0.054159   0.052465  -0.094450
    151       0.393099   0.072754   0.042899  -0.097322  -0.016212   0.182113
    152       0.393622   0.002199   0.001298   0.024287   0.015338  -0.021750
    153       0.394097   0.014031   0.008294   0.023382  -0.074287  -0.047211
    154       0.394366   0.007788   0.004607  -0.014270   0.047904  -0.045922
    155       0.395642   0.004477   0.002657  -0.017516   0.007576   0.047881
    156       0.397013   0.069728   0.041524   0.089436   0.061228  -0.172559
    157       0.397802   0.051120   0.030504  -0.119580  -0.054749   0.114921
    158       0.399295   0.033324   0.019959  -0.066305  -0.115030  -0.048277
    159       0.399566   0.040419   0.024225   0.152749   0.004811   0.029495
    160       0.400445   0.013750   0.008259   0.059274   0.016871  -0.066790
    161       0.400828   0.003232   0.001943  -0.041246   0.005488   0.014557
    162       0.401105   0.010074   0.006061  -0.029730  -0.017063  -0.069899
    163       0.401460   0.023201   0.013971  -0.050884   0.015492   0.105557
    164       0.402782   0.005659   0.003419   0.046755   0.024273  -0.025370
    165       0.402924   0.035275   0.021320  -0.062752  -0.016749   0.130773
    166       0.403129   0.009989   0.006040  -0.041499  -0.050456   0.042101
    167       0.404045   0.006194   0.003754  -0.045011  -0.030664  -0.028060
    168       0.404980   0.004043   0.002456   0.048286  -0.008486   0.007235
    169       0.405119   0.005947   0.003614  -0.055644   0.021054   0.008626
    170       0.405199   0.001034   0.000629   0.008389  -0.001375  -0.023587
    171       0.405835   0.009145   0.005567  -0.022382  -0.058144   0.041050
    172       0.406287   0.007256   0.004422   0.034110  -0.041197   0.039513
    173       0.406718   0.009304   0.005676  -0.060206  -0.006599   0.044808
    174       0.407056   0.015932   0.009728  -0.030371   0.048820  -0.080136
    175       0.407923   0.015491   0.009479   0.033143   0.007095   0.091269
    176       0.408730   0.045233   0.027732   0.134930   0.076789  -0.060244
    177       0.408922   0.009967   0.006114   0.012290  -0.019872   0.074619
    178       0.409303   0.109051   0.066953  -0.173977  -0.105237  -0.160030
    179       0.409915   0.047453   0.029178  -0.164529  -0.029808   0.034922
    180       0.410435   0.000448   0.000276  -0.007460  -0.011975  -0.008777
    181       0.411304   0.004089   0.002523   0.042907  -0.012400   0.022977
    182       0.411350   0.050623   0.031235  -0.119396  -0.122592   0.044173
    183       0.411511   0.052003   0.032100  -0.120292   0.015761   0.131838
    184       0.411674   0.004796   0.002961   0.014232   0.029159  -0.043688
    185       0.412261   0.005538   0.003424  -0.032261  -0.048760  -0.002486
    186       0.412783   0.060247   0.037304  -0.105082  -0.113734   0.115438
    187       0.413836   0.042108   0.026139   0.131784   0.071107  -0.060954
    188       0.414314   0.005728   0.003560  -0.012800   0.057641   0.008559
    189       0.414691   0.000647   0.000403   0.017575  -0.009257   0.002831
    190       0.415914   0.013966   0.008713  -0.061726  -0.068138  -0.016137
    191       0.416321   0.046348   0.028944   0.070573   0.097402  -0.120316
    192       0.416429   0.044717   0.027932   0.121604   0.099459  -0.057029
    193       0.416914   0.009787   0.006120  -0.058679  -0.010155   0.050735
    194       0.417113   0.073725   0.046128   0.061002   0.023472   0.204586
    195       0.417953   0.003686   0.002311   0.004642  -0.034590   0.033061
    196       0.418170   0.054116   0.033944   0.043686   0.028723  -0.176666
    197       0.418925   0.028816   0.018107   0.011508   0.052108   0.123530
    198       0.419095   0.023998   0.015086   0.008760  -0.063881  -0.104540
    199       0.419592   0.003049   0.001919  -0.018575   0.031987  -0.023466
    200       0.419881   0.044924   0.028294  -0.136913  -0.075947  -0.061489
    201       0.420206   0.003907   0.002463  -0.031026  -0.033634   0.019208
    202       0.420445   0.007949   0.005013   0.037447   0.059585  -0.007760
    203       0.421157   0.001230   0.000777  -0.008654   0.015208   0.021698
    204       0.421950   0.047739   0.030216   0.115073  -0.015195   0.129394
    205       0.422864   0.030909   0.019605   0.084183   0.110907  -0.014767
    206       0.423180   0.037682   0.023920  -0.115979  -0.092950   0.042767
    207       0.423658   0.039523   0.025116   0.125237   0.095772  -0.016113
    208       0.424225   0.009340   0.005943   0.076234   0.008983  -0.007130
    209       0.424669   0.050443   0.032133  -0.164924  -0.024834   0.065696
    210       0.425409   0.021155   0.013499  -0.040763   0.101026  -0.040393
    211       0.425633   0.017039   0.010878  -0.012559   0.029141  -0.099355
    212       0.426406   0.060821   0.038902  -0.124541  -0.074630  -0.133497
    213       0.426439   0.125189   0.080079   0.238611   0.038383   0.147207
    214       0.426608   0.054150   0.034651   0.167298   0.073155   0.036204
    215       0.426821   0.031661   0.020271  -0.114234  -0.039622  -0.075175
    216       0.427060   0.010374   0.006645  -0.012878  -0.056098  -0.057729
    217       0.427626   0.001851   0.001187  -0.026249  -0.002314   0.022197
    218       0.427875   0.007062   0.004533  -0.004691  -0.002792  -0.067104
    219       0.428636   0.008677   0.005579   0.014900   0.057338  -0.045490
    220       0.429660   0.053316   0.034362  -0.146558  -0.071783  -0.087919
    221       0.430100   0.015575   0.010048   0.093713   0.012113   0.033461
    222       0.430303   0.011397   0.007356   0.071617   0.030815   0.035744
    223       0.430687   0.041902   0.027070   0.073457   0.030325   0.144064
    224       0.431127   0.087536   0.056609   0.182959   0.032614   0.148563
    225       0.431451   0.009177   0.005939  -0.016806  -0.055323  -0.050955
    226       0.431696   0.039173   0.025366  -0.078601  -0.131387  -0.043877
    227       0.432553   0.020023   0.012991  -0.046821   0.018068  -0.102336
    228       0.432927   0.016236   0.010544   0.085804   0.029035   0.048355
    229       0.433138   0.020222   0.013138  -0.059581  -0.097489  -0.009180
    230       0.433286   0.010549   0.006856  -0.044265   0.061267   0.033807
    231       0.433634   0.114627   0.074559   0.240012   0.098259   0.085431
    232       0.433798   0.013871   0.009026   0.015135  -0.087420   0.033981
    233       0.433978   0.043606   0.028386   0.144001   0.086823   0.010559
    234       0.434492   0.001874   0.001221  -0.012671   0.029979   0.012734
    235       0.434883   0.095958   0.062596   0.088336  -0.230451   0.041046
    236       0.435325   0.042920   0.028026   0.164808   0.022507   0.018914
    237       0.436637   0.032359   0.021194  -0.085717   0.042270   0.109815
    238       0.437174   0.018021   0.011818  -0.004204   0.108591   0.002820
    239       0.437666   0.015410   0.010117   0.014240   0.038127  -0.091980
    240       0.437943   0.012092   0.007944   0.030769  -0.068463   0.048060
    241       0.437994   0.017948   0.011792   0.006314   0.100373   0.040952
    242       0.438536   0.028552   0.018782   0.077211   0.038293  -0.106554
    243       0.438820   0.002758   0.001816   0.026683   0.032408  -0.007305
    244       0.439084   0.002722   0.001793   0.029324   0.022557  -0.020592
    245       0.439347   0.004874   0.003212   0.036963  -0.038038  -0.019971
    246       0.439507   0.025484   0.016801   0.016788   0.072400  -0.106194
    247       0.439649   0.006516   0.004297   0.024336  -0.047080  -0.038581
    248       0.440011   0.087836   0.057974   0.012602   0.026872   0.238941
    249       0.440469   0.020903   0.013811   0.010654  -0.017181   0.115768
    250       0.440650   0.003099   0.002048   0.025024  -0.022446   0.030305
    251       0.440872   0.005797   0.003834  -0.000976   0.014103   0.060283
    252       0.441521   0.015274   0.010115   0.080786  -0.057854  -0.015554
    253       0.441998   0.017301   0.011471   0.000455   0.055714   0.091468
    254       0.442101   0.047897   0.031763  -0.097542  -0.149024   0.006355
    255       0.442617   0.037801   0.025097   0.154078   0.035065   0.011285
    256       0.442898   0.016446   0.010926  -0.092874   0.041900   0.023343
    257       0.443347   0.038009   0.025277  -0.059945  -0.072485   0.128177
    258       0.444021   0.051350   0.034201   0.007867  -0.183709  -0.019749
    259       0.444333   0.028404   0.018931  -0.045813   0.060406  -0.114820
    260       0.444411   0.008106   0.005403  -0.007932   0.038323   0.062225
    261       0.444936   0.025406   0.016956   0.007958   0.030512  -0.126339
    262       0.445715   0.021754   0.014544  -0.063053  -0.011016   0.102212
    263       0.446137   0.218451   0.146189   0.104479   0.029339   0.366622
    264       0.446945   0.044197   0.029631  -0.102360   0.127856   0.052972
    265       0.447171   0.018656   0.012514  -0.039367  -0.048522  -0.092787
    266       0.447279   0.004442   0.002980   0.035184  -0.038751  -0.015508
    267       0.447861   0.018715   0.012572  -0.086444  -0.015777  -0.069648
    268       0.448118   0.015152   0.010185   0.006262   0.091608   0.041877
    269       0.448650   0.004087   0.002750   0.021975  -0.039109   0.027164
    270       0.448954   0.000306   0.000206   0.007208  -0.008725  -0.008822
    271       0.449007   0.066462   0.044763  -0.040362   0.185780   0.092842
    272       0.449460   0.002553   0.001721   0.017899   0.027278   0.025624
    273       0.449748   0.035518   0.023961  -0.061470  -0.065209  -0.126216
    274       0.450600   0.004414   0.002983  -0.033812   0.042810  -0.002736
    275       0.450746   0.038469   0.026010   0.047315  -0.146474  -0.048130
    276       0.451039   0.043945   0.029731  -0.103595   0.010372   0.137447
    277       0.451459   0.006633   0.004492   0.063042   0.002315  -0.022627
    278       0.451526   0.043709   0.029604  -0.009465  -0.017941  -0.170858
    279       0.452138   0.001328   0.000901   0.024034  -0.000743   0.017956
    280       0.452405   0.011917   0.008087   0.038398  -0.046252  -0.066882
    281       0.452495   0.035544   0.024125  -0.062222  -0.142243  -0.004499
    282       0.452688   0.024631   0.016725   0.019417  -0.127860  -0.000469
    283       0.453668   0.057057   0.038827  -0.057853  -0.098587  -0.160503
    284       0.453718   0.071715   0.048808  -0.189562   0.037285  -0.107163
    285       0.453954   0.024139   0.016437  -0.108833   0.026334   0.062438
    286       0.454532   0.060072   0.040957  -0.047839   0.185028   0.066583
    287       0.454633   0.015958   0.010883   0.095890  -0.028682  -0.029415
    288       0.455122   0.063257   0.043185  -0.034213   0.201228  -0.039008
    289       0.455558   0.042949   0.029349  -0.119333   0.111001  -0.052791
    290       0.455799   0.030016   0.020522  -0.076783   0.010598  -0.120472
    291       0.456074   0.007989   0.005465   0.070707  -0.021055   0.004755
    292       0.456496   0.007806   0.005345   0.037951  -0.040351   0.047710
    293       0.456736   0.078833   0.054009  -0.101366  -0.099561   0.183906
    294       0.457249   0.008279   0.005678  -0.073689   0.012932   0.008991
    295       0.457629   0.022214   0.015249   0.019995   0.058426   0.106937
    296       0.458056   0.015268   0.010490   0.024865  -0.014252  -0.098331
    297       0.458427   0.008471   0.005825   0.016309   0.043050  -0.060874
    298       0.458719   0.021253   0.014624   0.031307  -0.116493  -0.008538
    299       0.458976   0.009761   0.006720   0.019314   0.011562  -0.078824
# -----------------------------------------------------------
$ CIS_CD
   description: The CIS CD spectrum 
   geom. index: 1
   prop. index: 1
        Number of roots:  300
        The CIS CD Spectrum:
                  0          1          2          3    
      0      -5.223941  -0.390338   0.705289   0.010151
      1     -30.674187  -0.136598  -0.014506   0.337243
      2      51.920370   0.106162  -0.133270  -0.112103
      3      -7.873350   0.202101  -0.348258  -0.017370
      4      -0.528691   0.089689  -0.204568  -0.102523
      5      17.816454   0.193874  -0.379988   0.054161
      6     -16.168278   0.240577  -0.291463  -0.170739
      7      -2.386778   0.122432   0.062563  -0.037057
      8     -10.069182   0.260510  -0.414672  -0.078725
      9      -1.504810   0.000572   0.012983   0.002767
     10       4.479685   0.099477   0.084354  -0.076300
     11      -5.209775  -0.095338  -0.079226  -0.090015
     12      -1.339546   0.049280  -0.089696  -0.024429
     13      -8.745857  -0.055999  -0.009422   0.067083
     14     -15.740674  -0.227799   0.048504   0.190702
     15      23.817551  -0.467790   0.773396   0.203213
     16     -132.833953   0.502793  -0.795710  -0.236572
     17      94.906874   0.172130  -0.434841   0.123888
     18      14.836367  -0.180812   0.027786   0.125459
     19      38.138973  -0.231505   0.098337  -0.166353
     20     -15.212774   0.087123   0.168193   0.364254
     21      15.021731  -0.448374   0.819042  -0.055586
     22     -10.612732   0.222557  -0.293677  -0.038805
     23      -6.535011  -0.020393  -0.127211  -0.127360
     24      -0.777325   0.067522   0.121387  -0.003860
     25      14.263718   0.258838  -0.018293   0.171022
     26      -5.772895  -0.077492   0.204267   0.142959
     27     -13.183401  -0.137642   0.288752  -0.012766
     28     -26.143950   0.071968   0.184547   0.068921
     29      37.679180  -0.247985  -0.023877   0.161708
     30       5.773163   0.076161  -0.235941   0.481102
     31       0.174045   0.019330  -0.047171   0.012752
     32      -7.807778   0.043380   0.050153  -0.046685
     33      -2.456893   0.011039   0.070649   0.015083
     34       2.062011   0.014430  -0.055146  -0.056030
     35      11.038234   0.095984   0.076934  -0.142895
     36     -10.654771   0.126259   0.018714  -0.187156
     37     -13.247711   0.100243  -0.126363  -0.063817
     38      14.399143   0.259883  -0.527124   0.012726
     39      -1.603171   0.112886   0.013185   0.156821
     40     -15.785732  -0.300272  -0.035066   0.132998
     41       1.029274  -0.042577   0.035605  -0.045016
     42      -3.501817  -0.116463   0.094759   0.003145
     43       7.579972  -0.141409  -0.264522   0.312845
     44      33.921960  -0.323854   0.044480  -0.195129
     45     -12.791414  -0.312183   0.378445   0.160384
     46      -5.670690   0.145949   0.315387   0.036338
     47     -15.141048   0.122999   0.125300  -0.040762
     48     -15.850230   0.120089  -0.146496  -0.036978
     49     -18.003722   0.104345   0.040210  -0.381056
     50      11.867174   0.466778  -0.505669  -0.315103
     51      27.018427   0.254017   0.129741  -0.185239
     52      12.143925  -0.061275   0.197221  -0.155346
     53      -3.279811   0.018820  -0.061711  -0.014565
     54     -14.975356  -0.009147  -0.345253  -0.125879
     55      12.017056  -0.036958  -0.200168  -0.271299
     56      48.427128   0.301265  -0.294064   0.142292
     57      10.565516   0.155235  -0.201961  -0.085870
     58      -6.554450   0.325090   0.113817   0.163608
     59       3.951935  -0.092531  -0.168667   0.067108
     60      -2.996988  -0.013434   0.028305   0.319544
     61     -20.410214  -0.338233  -0.547807  -0.043784
     62     -40.612319   0.284152  -0.173523   0.064005
     63     -17.143296  -0.408046  -0.152579  -0.195840
     64       5.516625   0.109416  -0.079299   0.011430
     65       0.361783   0.039733   0.146371   0.014781
     66       9.966853   0.007672   0.007057   0.199724
     67      -7.775982  -0.136072   0.073308   0.102377
     68       1.769594  -0.129969  -0.041483   0.095005
     69       7.221710   0.009351   0.004873   0.145034
     70       0.333372   0.218904   0.199974  -0.006603
     71     -41.494227  -0.343668  -0.092129  -0.225383
     72      78.756430   0.352185   0.315644  -0.029279
     73      -3.821165  -0.221190   0.163554   0.235649
     74      -8.658207   0.131353  -0.341420   0.048007
     75     -26.201096   0.103111  -0.061632   0.191244
     76      -0.267046   0.092257  -0.219767   0.009826
     77     -29.069712  -0.220654  -0.024549  -0.167166
     78      26.371787   0.342126   0.161674  -0.247093
     79       0.506460  -0.189602   0.098936  -0.119482
     80       0.839879   0.134617   0.072678   0.462149
     81       4.213143   0.088833   0.104322   0.307743
     82      -6.401516   0.105721  -0.004330  -0.374566
     83      16.213983  -0.136285   0.151154  -0.110262
     84       9.451427  -0.054405   0.337983  -0.402087
     85       1.716018   0.035943  -0.051066   0.016076
     86      -7.037837  -0.175770  -0.155334  -0.355535
     87     -22.127280  -0.237730  -0.072981   0.458007
     88       0.782894   0.069314   0.101349   0.088872
     89       9.061831  -0.134022  -0.002361  -0.180728
     90      -0.539895  -0.036965  -0.008765  -0.017281
     91      -6.503803   0.065602  -0.066834  -0.140887
     92     -15.064518   0.270679  -0.502776  -0.030755
     93       9.909536   0.039236   0.200040   0.007666
     94      22.381099   0.319976  -0.343302  -0.061868
     95      18.626008  -0.131130   0.315596  -0.141825
     96     -11.542528   0.135541  -0.086892  -0.017542
     97       0.446965   0.055915   0.311386   0.330592
     98      10.266460   0.477411  -0.854701   0.075845
     99     -27.919994  -0.204555   0.039779   0.125261
    100      19.831946   0.272240   0.112610   0.007624
    101      -2.352802   0.002714  -0.252496   0.132632
    102      -9.502320  -0.092739  -0.035511   0.118598
    103      -8.731409  -0.041908   0.148033   0.504531
    104      -0.965563   0.090702   0.106662   0.134502
    105       1.440172  -0.091099  -0.101202   0.044587
    106       3.588269  -0.045868  -0.016865  -0.122657
    107      -6.245987  -0.094841   0.170616   0.097224
    108      -4.666297  -0.028876   0.195089   0.067876
    109       1.147110  -0.113594   0.181108   0.007642
    110      -4.462742  -0.350242  -0.049258  -0.197097
    111       7.536500   0.038590   0.110722  -0.185128
    112      -1.991905  -0.524352  -0.250337   0.172280
    113      28.427870  -0.291735   0.227964   0.001912
    114     -109.219605  -0.610548   0.343388   0.050015
    115       1.149484  -0.010521   0.187322   0.293784
    116      -8.344601   0.237505  -0.025888  -0.192907
    117      48.769818   0.101905   0.525915   0.010590
    118       7.242549  -0.185779  -0.128788  -0.137207
    119      38.437163  -0.343493  -0.277242   0.129355
    120      -0.261088  -0.008505   0.054468   0.061889
    121      42.471892  -0.039023  -0.347073   0.269686
    122     -10.067749   0.190621   0.084089  -0.238854
    123      10.730598  -0.213138  -0.037697  -0.149838
    124     -16.626882  -0.142637  -0.243691   0.319678
    125     -17.955674   0.005973  -0.069238  -0.216961
    126     -10.786657   0.147348   0.220893   0.163129
    127       1.380556  -0.177095  -0.091829   0.066261
    128     -11.526053   0.127997  -0.074583   0.036732
    129      10.537963   0.152795  -0.096401  -0.236615
    130      -2.195846   0.164874   0.022596  -0.187560
    131      11.718264   0.240277   0.044298   0.105660
    132      16.755081   0.602449  -0.297146   0.612746
    133     -27.238724   0.408867   0.275911   0.462476
    134      -3.916469   0.238515  -0.052270   0.127449
    135      -1.840103  -0.018944   0.021220  -0.163276
    136       3.982554  -0.266134  -0.142633   0.227586
    137      -5.181219   0.073951   0.023097  -0.173909
    138      -0.074034   0.066437  -0.276333   0.300001
    139       2.529766  -0.132519   0.068191  -0.072484
    140      -2.326609   0.109150  -0.246534   0.379291
    141       9.089168  -0.148246  -0.125828  -0.015279
    142     -33.042206  -0.336931   0.460072   0.101405
    143      22.682692   0.399177  -0.851831   0.069113
    144     152.904054   0.660104  -1.448337   0.045841
    145      25.218894  -0.343142   0.528776   0.499498
    146     -67.720681  -0.427225   0.454469   0.288915
    147     -28.315815   0.223958  -0.487452  -0.012289
    148      37.601618  -0.442414   0.542966  -0.206466
    149     -53.332230   0.292484  -0.350933  -0.169261
    150       8.520134   0.097729  -0.318375  -0.044667
    151      11.433056  -0.419536   0.868375  -0.205370
    152       1.177622   0.182829   0.049676   0.380238
    153      -1.236697   0.416900   0.034559   0.123228
    154     -16.670205   0.119364  -0.401743  -0.738685
    155       5.867627  -0.131489   0.168564  -0.162019
    156     -23.601926   0.336019  -0.689525  -0.182183
    157       0.233060  -0.468411   0.597367  -0.193724
    158       4.805967   0.139458  -0.039661  -0.011072
    159      -2.235045   0.007873   0.319593  -0.008886
    160     -13.414059   0.226784  -0.230098  -0.015685
    161       0.965408   0.114830   0.136830   0.238128
    162     -13.494324  -0.132030  -0.263778  -0.041355
    163     -54.606749  -0.163327  -0.049341   0.355140
    164      19.071208  -0.345723   0.127467   0.078364
    165      77.895297   0.119695   0.334850  -0.409760
    166       7.569315   0.008814   0.037974  -0.097597
    167       0.743099  -0.114736   0.101105   0.106810
    168      10.247190  -0.259787  -0.214415   0.135616
    169      -0.095390  -0.021144   0.047877  -0.212643
    170     -11.262232   0.223961   0.012211  -0.326438
    171     -16.547409  -0.234146   0.005451   0.237223
    172     -52.490855  -0.135381  -0.488115   0.776028
    173     -37.026973  -0.270655   0.133372   0.326618
    174      -2.268409   0.227710   0.148965  -0.029087
    175      -6.613325   0.234645  -0.120322  -0.033637
    176     -15.699274   0.445205  -0.649339  -0.112848
    177      14.539513  -0.038839   0.167524  -0.117675
    178      -2.662731   0.532393  -0.920710   0.007021
    179      46.985176   0.169694   0.288952  -0.085810
    180      -2.999527   0.042264  -0.210934  -0.048123
    181       0.290161  -0.038912  -0.173764  -0.048876
    182      15.927366  -0.102771   0.232232   0.039667
    183     -41.749771  -0.344646   0.300134  -0.078549
    184       3.049515   0.098910  -0.239134  -0.020268
    185      -6.952408  -0.071973  -0.087578   0.210141
    186     -31.562754  -0.381539   0.423603   0.315135
    187      36.126406   0.196750  -0.552733   0.307699
    188       2.681432   0.362203   0.085248  -0.462122
    189      -0.767678   0.075238   0.132488   0.006899
    190     -12.041029  -0.062185  -0.085028  -0.056463
    191      33.792482   0.038404  -0.137694   0.157678
    192      26.459171  -0.093873  -0.148317  -0.056601
    193      -7.001017   0.006580   0.022026   0.134042
    194      31.650696   0.120771   0.021031  -0.174393
    195      10.565538  -0.093376  -0.081899  -0.352997
    196     -17.178650   0.146437  -0.123434  -0.069831
    197     -15.527936  -0.138959   0.417928  -0.051583
    198       4.671378   0.102168  -0.425091   0.321810
    199       9.585114   0.031273  -0.300338  -0.132120
    200     -25.105373   0.061270  -0.239746  -0.225646
    201       5.913413   0.127181   0.054878   0.014348
    202       1.113772  -0.132100   0.082752   0.196174
    203       0.691897  -0.100379   0.038370  -0.098109
    204      19.335815  -0.518059   0.002072   0.327748
    205      10.251949  -0.316284   0.122883  -0.176470
    206     -11.194650   0.129174  -0.256012   0.027354
    207     -69.390039   0.452595   0.060011  -0.098421
    208      19.506322  -0.196740  -0.397287  -0.036116
    209      43.191628   0.118237   0.297765  -0.180346
    210       1.391242   0.293396  -0.116100  -0.553416
    211       6.570115   0.134979   0.006385   0.049478
    212      80.102007  -0.228924   0.035668   0.726512
    213     -21.531832   0.174916  -0.261332  -0.081784
    214     -24.007171   0.437564  -0.570201  -0.293328
    215       8.027313  -0.051015   0.235872   0.047007
    216      -5.026741   0.126598  -0.294622   0.173917
    217      -0.801505   0.067109   0.087841   0.136679
    218      15.098620   0.214610   0.067173   0.184251
    219      -6.371286  -0.096060   0.211271   0.106123
    220     -31.907068   0.146101  -0.321994  -0.296835
    221      -2.137644  -0.060819   0.109481   0.177232
    222      -8.503140   0.111632   0.086643  -0.085149
    223      34.422718   0.208790  -0.212545  -0.286453
    224     -20.558124   0.217312  -0.368485  -0.051206
    225       9.437595  -0.189850   0.239811  -0.046867
    226      23.658583  -0.125651  -0.151900   1.215701
    227     -14.377089  -0.036326   0.202932  -0.074668
    228       3.089610  -0.192755  -0.221718   0.427280
    229      16.316217   0.098907   0.070529   0.234058
    230      39.061663   0.437836  -0.187312  -0.101213
    231     -74.023870   0.374809  -0.388627   0.205430
    232     -36.054875  -0.056599  -0.267038   0.306010
    233      29.544402  -0.096512  -0.168512   0.169086
    234      17.625784   0.265078  -0.198423  -0.559969
    235     -77.292006  -0.239928  -0.173261   1.342645
    236     -12.840597   0.064065  -0.145669   0.184413
    237      26.179455   0.139758  -0.558291   0.120643
    238     -37.551624  -0.193178   0.300790   0.454691
    239      41.895601   0.000343   0.070029   0.450899
    240     -22.738746   0.155588  -0.144659   0.105882
    241     -40.511204  -0.099818   0.438244  -0.139020
    242      56.371865  -0.303648   0.329681   0.394839
    243       4.798167  -0.161505   0.035646   0.197313
    244       2.073204  -0.183308   0.371567   0.199334
    245     -12.509003   0.102479  -0.303780   0.188621
    246      34.575660   0.096747  -0.214732   0.178714
    247     -20.163968   0.120417  -0.322706  -0.027192
    248     -122.565687  -0.574369   0.881630   0.407930
    249      59.096774  -0.069521   0.339419  -0.418191
    250      16.864622   0.080889   0.490381  -0.190346
    251      -8.507198  -0.277042   0.425928   0.029029
    252      24.886059  -0.055757   0.347832  -0.092164
    253     -22.082154  -0.194318   0.291974   0.037582
    254      45.589587  -0.341864   0.507754   0.242330
    255      23.996484  -0.206900   0.200340   0.207133
    256     -61.638017  -0.357597   0.405379   0.314579
    257       9.305451   0.426413  -0.605126  -0.219760
    258     -110.372596   0.325154  -0.567252   0.297144
    259     -11.707475  -0.022573  -0.287458  -0.264961
    260     -19.204180  -0.322479   0.363633   0.018758
    261      42.394912  -0.146636  -0.028684   0.299510
    262      38.924541  -0.058391   0.251313  -0.373630
    263      26.252803  -0.880540   1.182733   0.091488
    264      29.608181  -0.087315  -0.388332   0.252470
    265     -13.987989   0.112365  -0.210883  -0.067501
    266      -4.203298  -0.119773  -0.054934  -0.424538
    267      24.390809   0.131613  -0.600485   0.296042
    268      17.107063  -0.066502  -0.033291  -0.287488
    269       9.574195   0.196284  -0.006587  -0.485089
    270      -0.975179  -0.097002   0.261228  -0.429949
    271     -55.755646   0.200063   0.222386   0.200076
    272      22.300659  -0.106626  -0.316548  -0.410249
    273     -38.467284  -0.650276   0.399904  -0.168774
    274       4.186900  -0.427192  -0.413408   0.550408
    275      56.215960  -0.350443   0.543420  -0.877803
    276     -24.786304  -0.111606   0.652841   0.036084
    277      23.211027  -0.389272   0.461821  -0.050102
    278     -110.820914   0.020258   0.357591  -0.656546
    279      10.667240   0.095602   0.041131  -0.628565
    280       7.951674  -0.051988   0.347189  -0.163957
    281       7.252564  -0.185040   0.120621  -0.073202
    282     -30.140988   0.328699  -0.163119  -0.100669
    283     -29.473980   0.363265   0.342285  -0.506255
    284      60.983460   0.059727  -0.489573   0.249065
    285      56.542039   0.304051  -0.277907  -0.191799
    286      48.030068   0.365750   0.120411  -0.754113
    287      -3.514473   0.059967   0.294099  -0.246622
    288     -29.112818  -0.355160   0.182648   0.566436
    289     -42.574911  -0.237489   0.114357   0.040143
    290     -19.136674  -0.138499   0.525965  -0.014346
    291     -18.548120   0.307418   0.134946  -0.223945
    292     -11.486279   0.063022  -0.144218   0.046750
    293      -8.560223  -0.167926   0.156359   0.038590
    294      17.174226   0.180702  -0.023009  -0.328275
    295      -6.546918  -0.222780   0.505110  -0.197462
    296      16.345579   0.148473  -0.288887   0.238443
    297       5.860810  -0.230680   0.150918   0.143362
    298      26.655582  -0.279977   0.064438   0.696271
    299      -3.741776   0.035923   0.038577  -0.033989
# -----------------------------------------------------------
$ Calculation_Info
   description: Details of the calculation
   geom. index: 1
   prop. index: 1
     Multiplicity:                          1
     Charge:                                0
     number of atoms:                       32
     number of electrons:                   0
     number of frozen core electrons:       1
     number of correlated electrons:        0
     number of basis functions:             540
     number of aux C basis functions:       0
     number of aux J basis functions:       1076
     number of aux JK basis functions:      0
     number of aux CABS basis functions:    0
     Total Energy                           -1227.678650
# -----------------------------------------------------------
$ SCF_Electric_Properties
   description: The SCF Calculated Electric Properties
   geom. index: 1
   prop. index: 1
       Filename                          : h.scfp 
       Do Dipole Moment Calculation      : true 
       Do Quadrupole Moment Calculation  : false 
       Do Polarizability Calculation     : false 
** Dipole moment part of electric properties **
        Magnitude of dipole moment (Debye) :        4.7549207307
        Electronic Contribution:
                  0    
      0      -3.682653
      1      -3.532143
      2       0.057612
        Nuclear Contribution:
                  0    
      0       3.378919
      1       3.316064
      2       1.775567
        Total Dipole moment:
                  0    
      0      -0.303734
      1      -0.216079
      2       1.833178
# -------------------------------------------------------------
----------------------- !GEOMETRIES! ------------------------
# -------------------------------------------------------------
------------------------ !GEOMETRY! -------------------------
    Number of atoms:    32 
    Geometry Index:     1 
    Coordinates:
               0 S      4.668485000000    9.290921000000    8.394969000000
               1 F      1.410943000000    6.311195000000    6.874916000000
               2 O      2.654071000000    8.240111000000    3.432507000000
               3 O     -2.770447000000    5.397483000000    4.835331000000
               4 C      0.566317000000    6.500714000000    5.829507000000
               5 C     -0.650531000000    5.849823000000    5.915980000000
               6 H     -0.859290000000    5.254371000000    6.791371000000
               7 C     -1.553883000000    5.978743000000    4.861717000000
               8 C     -1.205883000000    6.748246000000    3.741585000000
               9 H     -1.914178000000    6.844654000000    2.929767000000
              10 C      0.022998000000    7.363134000000    3.690446000000
              11 H      0.297510000000    7.948963000000    2.824305000000
              12 C      0.957796000000    7.273870000000    4.738695000000
              13 C      2.261522000000    7.975311000000    4.572124000000
              14 C      3.017849000000    8.381069000000    5.760545000000
              15 H      2.588743000000    8.191587000000    6.733069000000
              16 C      4.209919000000    8.999247000000    5.640414000000
              17 H      4.596266000000    9.167969000000    4.639958000000
              18 C      5.048188000000    9.472034000000    6.699414000000
              19 C      6.252248000000   10.125329000000    6.548750000000
              20 H      6.671488000000   10.338029000000    5.573832000000
              21 C      6.876186000000   10.486779000000    7.772123000000
              22 C      6.124627000000   10.092750000000    8.848425000000
              23 H      6.353929000000   10.232628000000    9.893610000000
              24 C     -3.160856000000    4.584460000000    5.950549000000
              25 H     -4.156331000000    4.220220000000    5.713364000000
              26 H     -3.190322000000    5.175341000000    6.867837000000
              27 H     -2.476725000000    3.742610000000    6.071539000000
              28 C      8.187201000000   11.208129000000    7.868155000000
              29 H      8.979599000000   10.644071000000    7.370802000000
              30 H      8.475426000000   11.359087000000    8.908097000000
              31 H      8.130134000000   12.185623000000    7.383397000000
