-------------------------------------------------------------
----------------------- !PROPERTIES! ------------------------
-------------------------------------------------------------
# -----------------------------------------------------------
$ PAL_Flags
   description: The PAL Flags
   geom. index: 1
   prop. index: 1
        Diskflag:     2
# -----------------------------------------------------------
$ SCF_Energy
   description: The SCF energy
   geom. index: 1
   prop. index: 1
        SCF Energy:    -1227.8098791168
# -----------------------------------------------------------
$ DFT_Energy
   description: The DFT energy
   geom. index: 1
   prop. index: 1
   Number of Alpha Electrons                 72.0000840792 
   Number of Beta  Electrons                 72.0000840792 
   Total number of  Electrons               144.0001681583 
   Exchange energy                            0.0000000000 
   Correlation energy                         0.0000000000 
   Correlation energy NL                      0.0000000000 
   Exchange-Correlation energy             -102.5925238601 
   Embedding correction                       0.0000000000 
   Total DFT Energy (No VdW correction)   -1227.8098791168 
# -----------------------------------------------------------
$ Solvation_Details
   description: Details concerning solvation
   geom. index: 1
   prop. index: 1
     Epsilon:               38.3000000000
     Refrac:                 1.4300000000
     RSolv:                  1.3000000000
     Surface Type:                      2
     Number of Points:               1782
     Surface Area:        1140.5738155927
     Dielectric Energy:     -0.0195843478
# -----------------------------------------------------------
$ CIS_ABS
   description: The CIS absorption spectrum 
   geom. index: 1
   prop. index: 1
        Number of roots:  150
        The CIS Absorption Spectrum :
                  0          1          2          3          4          5    
      0       0.136677   1.089717  11.959383  -2.668064  -1.467708  -1.639101
      1       0.140778   0.031771   0.338519   0.362314   0.202313   0.407819
      2       0.166578   0.328580   2.958784  -1.331647  -0.771339   0.768464
      3       0.173579   0.100505   0.868525   0.795046   0.398091   0.279198
      4       0.181314   0.013673   0.113113  -0.317049  -0.109456   0.024756
      5       0.207669   0.027615   0.199464   0.237038   0.166623  -0.339873
      6       0.211679   0.103054   0.730258   0.378619  -0.223463   0.732782
      7       0.217798   0.000321   0.002207   0.044706  -0.009832   0.010586
      8       0.226485   0.070861   0.469307  -0.476904  -0.373220   0.320277
      9       0.228938   0.045618   0.298888   0.429306   0.151891   0.302511
     10       0.233480   0.000146   0.000936  -0.027629  -0.011065   0.007060
     11       0.236022   0.002265   0.014396  -0.023255   0.117694  -0.001890
     12       0.238377   0.025508   0.160513   0.347633   0.191249  -0.055568
     13       0.240687   0.005644   0.035173  -0.163722  -0.090102   0.015806
     14       0.242350   0.012086   0.074807  -0.148596   0.072631  -0.217833
     15       0.254892   0.803068   4.725923  -1.811157  -1.120320   0.436484
     16       0.256720   0.242682   1.417977   1.048280   0.236651   0.512915
     17       0.259718   0.066991   0.386905  -0.170812   0.184062  -0.569078
     18       0.260411   0.218349   1.257721   0.005938   0.520076  -0.993583
     19       0.262464   0.070165   0.400997   0.581604   0.053360   0.244717
     20       0.267028   0.199258   1.119307  -0.956335  -0.450458  -0.042642
     21       0.269601   0.009962   0.055425  -0.195719  -0.114391   0.063508
     22       0.273533   0.299832   1.644220   1.031892   0.587811  -0.483631
     23       0.273903   0.000792   0.004336  -0.046723  -0.039811  -0.023826
     24       0.275799   0.001629   0.008860  -0.025045   0.032478   0.084723
     25       0.278597   0.008295   0.044663  -0.163404  -0.013753   0.133315
     26       0.279252   0.004131   0.022188   0.106935  -0.075681  -0.070889
     27       0.282812   0.168043   0.891281  -0.735949  -0.489708  -0.331431
     28       0.283283   0.002619   0.013865   0.069034   0.092185   0.024527
     29       0.285577   0.111222   0.584195   0.510922   0.429004  -0.372974
     30       0.286966   0.032057   0.167566   0.216949  -0.294078  -0.184438
     31       0.288087   0.000509   0.002650   0.027481   0.016273  -0.040368
     32       0.291063   0.005027   0.025908   0.104328   0.088981  -0.084301
     33       0.291380   0.002622   0.013499  -0.054336   0.079261   0.065302
     34       0.293085   0.007052   0.036090  -0.149421  -0.104153   0.053994
     35       0.297950   0.001429   0.007192   0.009740  -0.083699   0.009594
     36       0.299204   0.006608   0.033128  -0.045024   0.111160  -0.136909
     37       0.300232   0.008379   0.041863  -0.165372   0.023332   0.118195
     38       0.301164   0.021032   0.104752  -0.132377  -0.191684   0.224691
     39       0.301373   0.049598   0.246861  -0.351015  -0.125415   0.328512
     40       0.303513   0.004785   0.023648  -0.032367  -0.128412   0.078171
     41       0.304099   0.003190   0.015737  -0.113377   0.011418   0.052462
     42       0.306716   0.003642   0.017810  -0.118036  -0.000865   0.062266
     43       0.307235   0.013636   0.066572   0.181323  -0.183433   0.006840
     44       0.307617   0.045296   0.220871   0.345208   0.116132  -0.297012
     45       0.309617   0.002803   0.013578   0.069117   0.092928  -0.012865
     46       0.310525   0.006930   0.033475  -0.166193   0.066914   0.037113
     47       0.311256   0.018317   0.088271   0.151529   0.241155   0.084582
     48       0.311873   0.005142   0.024733   0.136794  -0.066046   0.040718
     49       0.313101   0.054174   0.259538  -0.435538  -0.194347   0.179091
     50       0.314874   0.183022   0.871883  -0.039437   0.419256  -0.833398
     51       0.316752   0.015365   0.072764  -0.072138   0.067764  -0.250935
     52       0.317942   0.025633   0.120934   0.325804   0.016967   0.120406
     53       0.318860   0.004476   0.021056  -0.021186  -0.098322  -0.104594
     54       0.322013   0.002212   0.010303  -0.089929   0.036497  -0.029721
     55       0.322754   0.046442   0.215838  -0.287750  -0.124660  -0.342780
     56       0.323118   0.048325   0.224340  -0.406539  -0.120882  -0.210839
     57       0.323354   0.005361   0.024871  -0.111860   0.007838   0.110892
     58       0.325670   0.008079   0.037211  -0.054619  -0.173964  -0.062962
     59       0.326155   0.001675   0.007705  -0.063259  -0.060358   0.007761
     60       0.326485   0.008556   0.039312   0.030237   0.082576  -0.177704
     61       0.327674   0.010680   0.048891  -0.213034   0.058263  -0.010647
     62       0.329186   0.020923   0.095338   0.011776   0.214777  -0.221518
     63       0.330185   0.009111   0.041390  -0.097267  -0.022778  -0.177230
     64       0.331188   0.069344   0.314072   0.242338   0.119495   0.490984
     65       0.332661   0.005306   0.023927   0.004291  -0.068684   0.138532
     66       0.333108   0.016476   0.074192   0.077089  -0.085278   0.246936
     67       0.334341   0.001528   0.006855  -0.077414  -0.015693   0.024820
     68       0.334937   0.014932   0.066873   0.127112  -0.223071   0.030899
     69       0.335390   0.004337   0.019397   0.017712  -0.014281  -0.137401
     70       0.336366   0.001669   0.007442  -0.011582  -0.035695   0.077677
     71       0.337757   0.013191   0.058584  -0.008222   0.237406   0.046420
     72       0.338173   0.012051   0.053453   0.146026   0.045006   0.173505
     73       0.339970   0.041030   0.181032   0.351735   0.216536  -0.102114
     74       0.341182   0.014061   0.061821  -0.216803  -0.119832  -0.021394
     75       0.341474   0.007973   0.035022   0.174556   0.064372  -0.020221
     76       0.341548   0.007806   0.034282   0.093909   0.026326   0.157385
     77       0.342921   0.026016   0.113797  -0.174374  -0.216010  -0.191654
     78       0.344180   0.172116   0.750114  -0.380365  -0.177440  -0.757596
     79       0.344951   0.022203   0.096551   0.158779   0.160818   0.213254
     80       0.345414   0.000203   0.000880  -0.023236   0.000378  -0.018440
     81       0.346287   0.082575   0.357686  -0.030374  -0.130111   0.582953
     82       0.347418   0.008854   0.038228  -0.065866  -0.089654   0.160786
     83       0.348676   0.015453   0.066480   0.082132  -0.130154  -0.206867
     84       0.350217   0.004559   0.019525   0.120253  -0.013141   0.069940
     85       0.350794   0.034396   0.147080  -0.234115  -0.124990  -0.276852
     86       0.351474   0.002157   0.009207  -0.041906   0.036665  -0.078144
     87       0.352442   0.010290   0.043795   0.035776  -0.086804  -0.187030
     88       0.352825   0.006269   0.026652  -0.151171  -0.031538  -0.052963
     89       0.353789   0.004820   0.020438   0.031584   0.105730  -0.090891
     90       0.355485   0.001038   0.004379  -0.007432   0.034229   0.056144
     91       0.357380   0.009314   0.039091  -0.043823   0.188837   0.038873
     92       0.358749   0.079963   0.334342   0.265265   0.100132  -0.503935
     93       0.358985   0.005705   0.023838   0.027980   0.151836   0.000999
     94       0.359800   0.054928   0.228993   0.109399  -0.015468  -0.465602
     95       0.360481   0.035802   0.148978   0.128839   0.083390  -0.354153
     96       0.361777   0.012169   0.050457  -0.044198   0.171786  -0.137814
     97       0.362387   0.001975   0.008177   0.082635   0.033338   0.015393
     98       0.362813   0.001855   0.007669  -0.060979   0.060106   0.018377
     99       0.363286   0.090742   0.374673   0.284224   0.089779  -0.534630
    100       0.363466   0.067242   0.277505   0.000420  -0.114430   0.514209
    101       0.364082   0.032100   0.132249  -0.063412   0.172299   0.313912
    102       0.364280   0.051808   0.213330  -0.084049  -0.116849   0.438876
    103       0.365067   0.004138   0.017001   0.008747   0.121998   0.045174
    104       0.365459   0.002477   0.010166  -0.056955   0.074514  -0.037012
    105       0.366013   0.002216   0.009080  -0.047428   0.044975   0.069341
    106       0.366725   0.001208   0.004940   0.007054   0.060393  -0.035262
    107       0.367249   0.002602   0.010629  -0.012984  -0.040855   0.093762
    108       0.368164   0.009930   0.040459  -0.025350  -0.034272   0.196576
    109       0.368607   0.006061   0.024665  -0.015482   0.150167  -0.043302
    110       0.369242   0.009070   0.036847  -0.098808   0.094207  -0.134939
    111       0.369931   0.022462   0.091079   0.058987  -0.118768   0.271097
    112       0.371967   0.000634   0.002558   0.015220   0.017402   0.044980
    113       0.373047   0.017283   0.069494   0.245621   0.018220  -0.093982
    114       0.374146   0.008134   0.032610  -0.179503  -0.007692  -0.018161
    115       0.374458   0.061638   0.246911  -0.478738  -0.132364   0.014154
    116       0.375135   0.004384   0.017532   0.101791   0.035670  -0.076797
    117       0.375899   0.029650   0.118315   0.270271   0.193833  -0.087738
    118       0.376176   0.004110   0.016388  -0.106875  -0.046833  -0.052655
    119       0.377203   0.013729   0.054595  -0.103126  -0.174325   0.116493
    120       0.378105   0.017445   0.069208   0.042134   0.257628   0.032572
    121       0.378364   0.009279   0.036786   0.136759   0.119280  -0.062093
    122       0.378904   0.007693   0.030453  -0.053394   0.120989  -0.113860
    123       0.379184   0.002037   0.008059   0.057863   0.054147   0.042179
    124       0.379783   0.008173   0.032282   0.158201  -0.031134  -0.079276
    125       0.380343   0.021110   0.083252   0.047481   0.221639   0.178532
    126       0.381119   0.003337   0.013133   0.058480   0.068738   0.070628
    127       0.381890   0.005107   0.020059   0.071387  -0.078450   0.093856
    128       0.382136   0.008110   0.031834   0.176372  -0.026955  -0.000125
    129       0.383071   0.031936   0.125051   0.030933  -0.228167   0.268391
    130       0.383305   0.010471   0.040976  -0.177527  -0.082303  -0.051827
    131       0.384039   0.022611   0.088315  -0.022114   0.107158   0.276303
    132       0.384267   0.001049   0.004094   0.000612   0.055092   0.032533
    133       0.385194   0.040619   0.158175  -0.136420  -0.091696   0.362155
    134       0.386158   0.002943   0.011432   0.090022  -0.054263  -0.019594
    135       0.386257   0.003767   0.014630   0.034875  -0.114402   0.018044
    136       0.387168   0.013612   0.052735  -0.132072  -0.029698  -0.185500
    137       0.387446   0.001197   0.004633  -0.041626  -0.046054  -0.027918
    138       0.387712   0.003904   0.015105   0.043123  -0.059847  -0.098303
    139       0.388273   0.008803   0.034010  -0.075470   0.010911   0.167914
    140       0.389077   0.003801   0.014656  -0.093301  -0.037466  -0.067429
    141       0.389978   0.001515   0.005828  -0.007291  -0.014523   0.074595
    142       0.390300   0.002169   0.008335   0.069584  -0.055951  -0.019047
    143       0.390769   0.045745   0.175598  -0.154828  -0.030749   0.388176
    144       0.391168   0.135037   0.517821   0.515619   0.453038  -0.216134
    145       0.391760   0.008807   0.033723   0.159183   0.059468   0.069621
    146       0.391859   0.025863   0.099001  -0.023354  -0.139425   0.281099
    147       0.392394   0.043010   0.164415  -0.392478  -0.056400  -0.084826
    148       0.392884   0.012658   0.048326  -0.189855   0.044040  -0.101692
    149       0.393284   0.009960   0.037990  -0.024780  -0.018179  -0.192471
        The CIS Absorption Spectrum (Velocity):
                  0          1          2          3          4          5    
      0       0.136677   0.611618   0.125392   0.289753   0.164445   0.119968
      1       0.140778   0.015332   0.003238  -0.043751  -0.025866  -0.025582
      2       0.166578   0.070239   0.017550   0.110572   0.072954   0.001431
      3       0.173579   0.038170   0.009938  -0.049166  -0.022534  -0.083745
      4       0.181314   0.009878   0.002686   0.042474   0.028909  -0.006835
      5       0.207669   0.014225   0.004431  -0.056277  -0.034414   0.008937
      6       0.211679   0.002503   0.000795  -0.025707  -0.000877  -0.011536
      7       0.217798   0.000863   0.000282  -0.000175  -0.016747  -0.001219
      8       0.226485   0.043071   0.014633   0.087330   0.071431  -0.043630
      9       0.228938   0.036095   0.012395  -0.080454  -0.036825  -0.067574
     10       0.233480   0.001301   0.000455  -0.010451   0.018553  -0.001431
     11       0.236022   0.000086   0.000030  -0.000684  -0.005115   0.001954
     12       0.238377   0.001608   0.000575  -0.017624  -0.007352   0.014499
     13       0.240687   0.002694   0.000973   0.024439   0.019343   0.001170
     14       0.242350   0.002654   0.000965   0.008858   0.013602   0.026483
     15       0.254892   0.341491   0.130565   0.310176   0.183890   0.023252
     16       0.256720   0.120757   0.046501  -0.181620  -0.066324  -0.095480
     17       0.259718   0.021510   0.008380   0.020029  -0.006376   0.089095
     18       0.260411   0.021594   0.008435  -0.014097  -0.061786   0.066473
     19       0.262464   0.021064   0.008293  -0.082414  -0.038492   0.004356
     20       0.267028   0.081581   0.032677   0.146967   0.085114  -0.061911
     21       0.269601   0.003129   0.001265   0.032906   0.013233   0.002737
     22       0.273533   0.077758   0.031904  -0.151533  -0.086149   0.038988
     23       0.273903   0.002783   0.001144   0.016942   0.015200   0.025010
     24       0.275799   0.000311   0.000129   0.006552  -0.008319   0.004081
     25       0.278597   0.002439   0.001019   0.020785   0.020092  -0.013550
     26       0.279252   0.001851   0.000775  -0.024992   0.011865   0.003154
     27       0.282812   0.084682   0.035924   0.155219   0.099312   0.044360
     28       0.283283   0.001185   0.000503  -0.011658  -0.019051   0.002149
     29       0.285577   0.040027   0.017146  -0.094609  -0.082943   0.036276
     30       0.286966   0.018469   0.007950  -0.043891   0.066599   0.039854
     31       0.288087   0.000096   0.000041  -0.001983  -0.002646   0.005511
     32       0.291063   0.003256   0.001422  -0.031641  -0.009847  -0.017988
     33       0.291380   0.005282   0.002309   0.018946  -0.044096   0.002258
     34       0.293085   0.012194   0.005361   0.038763   0.034843   0.051423
     35       0.297950   0.001268   0.000567  -0.003871   0.021841   0.008633
     36       0.299204   0.001712   0.000768   0.008542  -0.006896   0.025453
     37       0.300232   0.005336   0.002403   0.002396   0.048656   0.005482
     38       0.301164   0.006031   0.002724   0.011951   0.027616  -0.042649
     39       0.301373   0.009630   0.004353   0.051985   0.016611  -0.037082
     40       0.303513   0.000736   0.000335   0.011263   0.009205  -0.011111
     41       0.304099   0.002819   0.001286   0.030562  -0.014081  -0.012390
     42       0.306716   0.003153   0.001451   0.019709   0.028703  -0.015440
     43       0.307235   0.015778   0.007271  -0.054712   0.065377   0.001914
     44       0.307617   0.013615   0.006282  -0.072831  -0.009495   0.029797
     45       0.309617   0.004789   0.002224   0.000471  -0.045628  -0.011914
     46       0.310525   0.003299   0.001536   0.037011  -0.012569  -0.002937
     47       0.311256   0.008447   0.003944  -0.041144  -0.046058  -0.011391
     48       0.311873   0.005369   0.002512  -0.040106   0.028382  -0.009890
     49       0.313101   0.017583   0.008258   0.078332   0.045456  -0.007476
     50       0.314874   0.038777   0.018315  -0.016965  -0.073633   0.112273
     51       0.316752   0.006714   0.003190   0.044329  -0.007735   0.034134
     52       0.317942   0.022279   0.010625  -0.091746  -0.021164  -0.041952
     53       0.318860   0.003658   0.001750   0.013478   0.036791   0.014647
     54       0.322013   0.001188   0.000574   0.013998   0.006907   0.018165
     55       0.322754   0.042558   0.020604   0.106340   0.061569   0.074194
     56       0.323118   0.062979   0.030525   0.154802   0.043541   0.068302
     57       0.323354   0.004094   0.001986   0.022485  -0.036510  -0.012135
     58       0.325670   0.005406   0.002641   0.019015   0.040642   0.025048
     59       0.326155   0.001192   0.000583   0.019727   0.010367   0.009305
     60       0.326485   0.005800   0.002840  -0.007489  -0.007234   0.052268
     61       0.327674   0.006238   0.003066   0.052417  -0.012560   0.012671
     62       0.329186   0.008115   0.004007  -0.003448  -0.063131   0.003128
     63       0.330185   0.000951   0.000471   0.017908   0.011998   0.002489
     64       0.331188   0.038379   0.019066  -0.079459  -0.050292  -0.101109
     65       0.332661   0.002789   0.001392  -0.008531   0.020918  -0.029686
     66       0.333108   0.004211   0.002104  -0.018858   0.004640  -0.041555
     67       0.334341   0.001531   0.000768   0.017534   0.014591   0.015733
     68       0.334937   0.004856   0.002440  -0.023211   0.043478  -0.003271
     69       0.335390   0.001734   0.000872  -0.000097   0.017028   0.024136
     70       0.336366   0.000824   0.000416  -0.001757   0.020291  -0.000993
     71       0.337757   0.007667   0.003884  -0.005496  -0.059368  -0.018157
     72       0.338173   0.009980   0.005062  -0.061681  -0.021211  -0.028422
     73       0.339970   0.012020   0.006130  -0.073203  -0.023530  -0.014744
     74       0.341182   0.008054   0.004122   0.046701   0.041283   0.015373
     75       0.341474   0.006360   0.003258  -0.053562  -0.019671  -0.001372
     76       0.341548   0.002885   0.001478  -0.030131  -0.000755  -0.023871
     77       0.342921   0.017338   0.008919   0.054376   0.057431   0.051608
     78       0.344180   0.076810   0.039654   0.124380   0.062316   0.142481
     79       0.344951   0.011712   0.006060  -0.048494  -0.048646  -0.036635
     80       0.345414   0.001520   0.000788   0.019216  -0.020146   0.003558
     81       0.346287   0.012655   0.006574   0.001832   0.018113  -0.079007
     82       0.347418   0.002701   0.001408   0.032096  -0.000548  -0.019423
     83       0.348676   0.007017   0.003670  -0.024309   0.027092   0.048428
     84       0.350217   0.005405   0.002839  -0.046233   0.025355  -0.007669
     85       0.350794   0.022613   0.011898   0.062799   0.028031   0.084670
     86       0.351474   0.001310   0.000691   0.014777  -0.016512   0.014133
     87       0.352442   0.006721   0.003553  -0.014880   0.031950   0.048071
     88       0.352825   0.004884   0.002585   0.041504   0.005999   0.028749
     89       0.353789   0.001921   0.001020   0.000990  -0.031912   0.000537
     90       0.355485   0.000139   0.000074  -0.001790  -0.006838  -0.004928
     91       0.357380   0.005662   0.003035  -0.002379  -0.054574   0.007164
     92       0.358749   0.029861   0.016069  -0.066821  -0.018206   0.106171
     93       0.358985   0.003261   0.001756  -0.001407  -0.041883   0.000039
     94       0.359800   0.025085   0.013538  -0.041301  -0.012779   0.108024
     95       0.360481   0.009910   0.005359  -0.023432  -0.011946   0.068314
     96       0.361777   0.005739   0.003114   0.010444  -0.052354   0.016261
     97       0.362387   0.000435   0.000236  -0.010461   0.002808  -0.010910
     98       0.362813   0.000236   0.000129   0.006301   0.002684  -0.009035
     99       0.363286   0.036626   0.019958  -0.078452  -0.029010   0.113851
    100       0.363466   0.018802   0.010251  -0.012414   0.031437  -0.095437
    101       0.364082   0.020462   0.011175   0.023088  -0.079560  -0.065665
    102       0.364280   0.035133   0.019197   0.029026   0.054774  -0.123914
    103       0.365067   0.002667   0.001461  -0.037078  -0.008690   0.003222
    104       0.365459   0.003513   0.001926  -0.000911  -0.029112   0.032824
    105       0.366013   0.000494   0.000271   0.008574  -0.008730  -0.011010
    106       0.366725   0.000306   0.000168  -0.008362  -0.008555   0.005011
    107       0.367249   0.000193   0.000106   0.007547  -0.006291  -0.003084
    108       0.368164   0.003759   0.002076  -0.035812  -0.012266  -0.025358
    109       0.368607   0.000616   0.000340  -0.013059  -0.006461   0.011322
    110       0.369242   0.004941   0.002737   0.020337  -0.025323   0.041009
    111       0.369931   0.009888   0.005487  -0.002528   0.033209  -0.066162
    112       0.371967   0.000603   0.000337  -0.015130   0.008765  -0.005561
    113       0.373047   0.017268   0.009663  -0.091353  -0.005779   0.035833
    114       0.374146   0.003805   0.002135   0.045850   0.003400   0.004627
    115       0.374458   0.035152   0.019744   0.133289   0.043526  -0.009155
    116       0.375135   0.001414   0.000796  -0.022454  -0.005458   0.016182
    117       0.375899   0.012084   0.006814  -0.068893  -0.043850   0.012030
    118       0.376176   0.001801   0.001017   0.029505   0.005468   0.010772
    119       0.377203   0.009205   0.005208   0.036778   0.053559  -0.031421
    120       0.378105   0.009887   0.005608  -0.015384  -0.073250   0.002327
    121       0.378364   0.006997   0.003971  -0.026347  -0.038544   0.042323
    122       0.378904   0.004621   0.002626   0.009471  -0.032755   0.038259
    123       0.379184   0.001983   0.001128  -0.019679  -0.023922  -0.012967
    124       0.379783   0.004451   0.002536  -0.044729  -0.003114   0.022923
    125       0.380343   0.013623   0.007772  -0.025875  -0.069127  -0.048208
    126       0.381119   0.002169   0.001240  -0.026978  -0.004284  -0.022218
    127       0.381890   0.003259   0.001867  -0.007291   0.026250  -0.033535
    128       0.382136   0.006068   0.003478  -0.058579   0.006606   0.001812
    129       0.383071   0.014533   0.008351  -0.002775   0.074165  -0.053315
    130       0.383305   0.011610   0.006676   0.056467   0.050239   0.031033
    131       0.384039   0.011898   0.006854   0.006193  -0.037197  -0.073701
    132       0.384267   0.002877   0.001658  -0.009433  -0.035984   0.016564
    133       0.385194   0.057787   0.033389   0.093014   0.044598  -0.150824
    134       0.386158   0.002170   0.001257  -0.029981   0.017311   0.007658
    135       0.386257   0.006430   0.003726  -0.026130   0.054817   0.006155
    136       0.387168   0.012025   0.006984   0.047796   0.018401   0.066036
    137       0.387446   0.000983   0.000571   0.011882   0.020470  -0.003331
    138       0.387712   0.001567   0.000911  -0.002603   0.004573   0.029722
    139       0.388273   0.004635   0.002699   0.026488  -0.009787  -0.043612
    140       0.389077   0.003235   0.001888   0.026656   0.014105   0.031279
    141       0.389978   0.003171   0.001855  -0.007660   0.028671  -0.031212
    142       0.390300   0.001126   0.000659  -0.016799   0.014933  -0.012401
    143       0.390769   0.035630   0.020884   0.036416  -0.000509  -0.139850
    144       0.391168   0.072440   0.042504  -0.160089  -0.122946   0.041951
    145       0.391760   0.010044   0.005902  -0.046957  -0.049302  -0.035591
    146       0.391859   0.017944   0.010547   0.003464   0.045152  -0.092176
    147       0.392394   0.032116   0.018903   0.134269   0.019254   0.022461
    148       0.392884   0.010419   0.006140   0.065211  -0.020428   0.038347
    149       0.393284   0.003873   0.002285   0.013653  -0.001509   0.045786
# -----------------------------------------------------------
$ CIS_CD
   description: The CIS CD spectrum 
   geom. index: 1
   prop. index: 1
        Number of roots:  150
        The CIS CD Spectrum:
                  0          1          2          3    
      0      -4.834283  -0.310448   0.581841  -0.009410
      1     -35.405455   0.160612  -0.060863  -0.296645
      2      58.566995  -0.170418   0.244128   0.111386
      3       2.841145   0.034434  -0.080669   0.038551
      4       0.260775   0.052759  -0.173626  -0.069644
      5      13.068915  -0.086247   0.183445  -0.051779
      6      -3.793607   0.023405  -0.035115  -0.033783
      7      -2.295888  -0.156300  -0.082608   0.123321
      8      -0.302758  -0.220666   0.355087   0.083200
      9      -2.896234  -0.027904   0.021636   0.008429
     10       1.296588  -0.078000  -0.047714   0.009516
     11      -3.134017  -0.049256  -0.068313  -0.130718
     12      -1.181464   0.018290  -0.042187   0.014322
     13      -2.040909   0.016073   0.013110  -0.032660
     14       0.933077   0.160341  -0.023255  -0.126217
     15     -36.950108  -0.191017   0.410495   0.081443
     16       3.895408  -0.051840   0.220553   0.020299
     17      -5.961454   0.187973  -0.339020  -0.143853
     18     -24.579566   0.254088  -0.131271  -0.014720
     19     104.463013   0.247638  -0.131560   0.345585
     20      -6.462302  -0.209251   0.446334   0.299390
     21      10.577128   0.001449  -0.163021   0.064099
     22     -13.318691  -0.331011   0.516109  -0.020559
     23      -3.455952   0.030182   0.075977   0.121530
     24      -1.526545  -0.045263  -0.168220   0.012887
     25      10.892321  -0.220286  -0.097228  -0.106733
     26      12.128010   0.092838  -0.001238  -0.221522
     27     -19.588301  -0.094953   0.188405   0.057828
     28     -12.705488  -0.214844  -0.139006   0.028383
     29      23.737192   0.182111  -0.254366  -0.178105
     30       5.472098   0.082975  -0.256477   0.443609
     31       0.338601  -0.006427   0.024549  -0.012270
     32      -1.695109   0.001721  -0.093503  -0.053913
     33      -0.653276   0.005359   0.045451  -0.071927
     34      -2.979198   0.025368  -0.029144  -0.103053
     35       1.619859  -0.085022  -0.042405   0.074501
     36     -14.660542  -0.099036  -0.063342   0.208274
     37      -8.354950   0.120418  -0.070441   0.032451
     38      -3.830411   0.029928  -0.230008  -0.214747
     39       5.229517   0.182827  -0.233705   0.139895
     40     -15.107196   0.277682   0.087737  -0.150823
     41       0.649405  -0.024338   0.101508  -0.048434
     42     -16.567385   0.099829   0.202683  -0.372317
     43      24.999460   0.356135   0.064501   0.041352
     44      15.469089  -0.045290   0.171444  -0.096077
     45      13.724627   0.285213   0.085868  -0.110297
     46      21.963078  -0.186757   0.147960   0.152186
     47     -40.139259  -0.007472  -0.377735   0.083769
     48      -0.610075   0.125344   0.038904  -0.389774
     49     -28.683222   0.062433   0.050653  -0.132915
     50     -25.421305   0.409170  -0.524681  -0.218612
     51      18.827077   0.192658   0.204678  -0.159255
     52      19.183009   0.070625  -0.132269   0.165472
     53      -5.854336   0.042648   0.127961  -0.010203
     54       1.443834  -0.050205   0.000659   0.049673
     55      65.043430  -0.209154   0.151933  -0.282165
     56       3.336733  -0.246410   0.402092   0.211023
     57      -0.904183   0.003311  -0.221480   0.001699
     58     -23.123612   0.283407   0.136925   0.154828
     59       7.107399  -0.029886  -0.190770   0.215243
     60       3.611609   0.072206  -0.207561  -0.127273
     61     -20.883430   0.272373   0.246578   0.059916
     62     -27.233536  -0.291992  -0.370237  -0.113722
     63     -24.976243   0.313532  -0.049542   0.133215
     64      -9.521684   0.073350  -0.009180  -0.075104
     65      -2.847966   0.078601   0.114966   0.010959
     66      20.436929   0.002046   0.018670   0.181357
     67      -5.023963   0.121611  -0.074674  -0.097252
     68       3.207618   0.112278   0.031627  -0.013368
     69       7.543111  -0.020980   0.044377  -0.123763
     70       0.184407   0.335312   0.177213   0.136469
     71      20.110232   0.424899   0.216391  -0.112518
     72      -2.526988  -0.034777   0.100836  -0.027779
     73       0.080473  -0.063425   0.187088   0.176583
     74       8.171125   0.017863  -0.135039  -0.234766
     75       2.422861   0.044818  -0.039894   0.005742
     76      14.491229   0.057597   0.246588   0.119687
     77      28.047599  -0.149969  -0.345629   0.215586
     78     -49.866057   0.402196  -0.491125   0.052714
     79     -23.468722  -0.308858   0.188528  -0.145639
     80      -6.180072   0.120199   0.057748   0.560589
     81     -21.395379  -0.175131   0.335853  -0.012013
     82      36.579543  -0.085745  -0.019605   0.436505
     83     -15.385038   0.010281  -0.266090   0.329247
     84       9.387512   0.056909  -0.114038   0.165428
     85      31.134338   0.003603   0.003097  -0.242982
     86     -12.609304   0.160721   0.133906   0.318902
     87     -18.220959  -0.190829  -0.166997   0.247648
     88      -0.378495  -0.075631   0.056915   0.197138
     89       1.830541  -0.112355  -0.046224  -0.135532
     90      -0.331339  -0.031493   0.007077  -0.021002
     91      -5.624276   0.023761  -0.032331  -0.123047
     92     -29.024633  -0.123871   0.100993   0.077031
     93      12.602886   0.069461   0.163266  -0.001043
     94      22.724816   0.239414  -0.251137  -0.038929
     95      18.443064  -0.087478   0.180207  -0.099852
     96     -10.509681   0.216170   0.014121   0.110030
     97       5.353100  -0.039653   0.343053   0.207528
     98      -0.192235   0.084055   0.129365  -0.166388
     99     -10.999150  -0.199257   0.489814   0.019961
    100       3.554312   0.453456  -0.183186  -0.026474
    101      10.062980   0.054846  -0.392912   0.294735
    102     -15.302594   0.076327  -0.267643  -0.130600
    103     -17.844734   0.145786  -0.127168  -0.522680
    104      -1.126111  -0.061118  -0.140086  -0.123439
    105       0.156651  -0.091411  -0.129897   0.026520
    106       2.433541  -0.034564  -0.002572  -0.157706
    107       5.249920  -0.024507  -0.119333   0.063375
    108      -1.771983  -0.146568   0.166462  -0.008999
    109       2.216679  -0.250965  -0.090896  -0.334075
    110     -18.499735  -0.009701  -0.115464   0.217291
    111      19.010354   0.044307  -0.074725   0.106363
    112      -2.690575  -0.484113  -0.224152   0.123652
    113      21.419975   0.207593  -0.167565   0.026623
    114     -31.804967   0.355237  -0.017947   0.211114
    115     -77.724322   0.415926  -0.276682  -0.167119
    116     -22.793091  -0.334668   0.020210   0.195339
    117      40.042853  -0.030230   0.493783   0.029696
    118      13.757018  -0.140102  -0.139497  -0.145736
    119      37.385448  -0.292446  -0.262577   0.028897
    120      43.687655   0.067913   0.384263  -0.282205
    121       4.154791   0.006803   0.066192   0.000209
    122      -7.041855  -0.155485  -0.019426   0.183457
    123       8.553805   0.176344   0.040149   0.136699
    124     -15.500644  -0.124614  -0.203848   0.246117
    125     -12.457760   0.058722  -0.000653  -0.162815
    126      -9.633090  -0.155797  -0.128665  -0.035080
    127      -4.563243  -0.058850   0.128529   0.049066
    128     -11.640103  -0.157264  -0.112686  -0.077079
    129      45.410616  -0.058684   0.197829   0.533827
    130     -18.912906   0.134140   0.109989   0.139897
    131      -4.445266  -0.014877   0.280817  -0.144224
    132      -1.226745  -0.812019   0.311125  -0.591559
    133      -0.499340  -0.027943  -0.592372  -0.163436
    134       8.883836   0.160666  -0.019161  -0.170486
    135      -6.240086  -0.253990   0.032054  -0.039398
    136     -12.897071  -0.100793  -0.113138   0.237347
    137      -1.591828   0.004727   0.117029  -0.079162
    138       7.879873  -0.066067   0.261090  -0.357960
    139       2.630592  -0.178848   0.152458  -0.057061
    140     -12.561242   0.070723  -0.089180   0.346831
    141      -2.512734   0.266484  -0.096912  -0.064273
    142      -2.369466  -0.064002   0.017089  -0.020147
    143     -16.217428   0.360358  -0.640800   0.004355
    144     147.238208  -0.435103   1.147594  -0.077509
    145      -1.780516  -0.278906   0.297498   0.329338
    146      13.531309  -0.069863   0.188930   0.190010
    147     -49.105575   0.429040  -0.611637  -0.350530
    148       9.136859  -0.000920  -0.031657  -0.202570
    149      33.839068  -0.278519   0.228708  -0.358664
# -----------------------------------------------------------
$ Calculation_Info
   description: Details of the calculation
   geom. index: 1
   prop. index: 1
     Multiplicity:                          1
     Charge:                                0
     number of atoms:                       32
     number of electrons:                   0
     number of frozen core electrons:       1
     number of correlated electrons:        0
     number of basis functions:             540
     number of aux C basis functions:       0
     number of aux J basis functions:       1076
     number of aux JK basis functions:      0
     number of aux CABS basis functions:    0
     Total Energy                           -1227.673202
# -----------------------------------------------------------
$ SCF_Electric_Properties
   description: The SCF Calculated Electric Properties
   geom. index: 1
   prop. index: 1
       Filename                          : d.scfp 
       Do Dipole Moment Calculation      : true 
       Do Quadrupole Moment Calculation  : false 
       Do Polarizability Calculation     : false 
** Dipole moment part of electric properties **
        Magnitude of dipole moment (Debye) :        4.7549207307
        Electronic Contribution:
                  0    
      0      -3.682653
      1      -3.532143
      2       0.057612
        Nuclear Contribution:
                  0    
      0       3.378919
      1       3.316064
      2       1.775567
        Total Dipole moment:
                  0    
      0      -0.303734
      1      -0.216079
      2       1.833178
# -------------------------------------------------------------
----------------------- !GEOMETRIES! ------------------------
# -------------------------------------------------------------
------------------------ !GEOMETRY! -------------------------
    Number of atoms:    32 
    Geometry Index:     1 
    Coordinates:
               0 S      4.668485000000    9.290921000000    8.394969000000
               1 F      1.410943000000    6.311195000000    6.874916000000
               2 O      2.654071000000    8.240111000000    3.432507000000
               3 O     -2.770447000000    5.397483000000    4.835331000000
               4 C      0.566317000000    6.500714000000    5.829507000000
               5 C     -0.650531000000    5.849823000000    5.915980000000
               6 H     -0.859290000000    5.254371000000    6.791371000000
               7 C     -1.553883000000    5.978743000000    4.861717000000
               8 C     -1.205883000000    6.748246000000    3.741585000000
               9 H     -1.914178000000    6.844654000000    2.929767000000
              10 C      0.022998000000    7.363134000000    3.690446000000
              11 H      0.297510000000    7.948963000000    2.824305000000
              12 C      0.957796000000    7.273870000000    4.738695000000
              13 C      2.261522000000    7.975311000000    4.572124000000
              14 C      3.017849000000    8.381069000000    5.760545000000
              15 H      2.588743000000    8.191587000000    6.733069000000
              16 C      4.209919000000    8.999247000000    5.640414000000
              17 H      4.596266000000    9.167969000000    4.639958000000
              18 C      5.048188000000    9.472034000000    6.699414000000
              19 C      6.252248000000   10.125329000000    6.548750000000
              20 H      6.671488000000   10.338029000000    5.573832000000
              21 C      6.876186000000   10.486779000000    7.772123000000
              22 C      6.124627000000   10.092750000000    8.848425000000
              23 H      6.353929000000   10.232628000000    9.893610000000
              24 C     -3.160856000000    4.584460000000    5.950549000000
              25 H     -4.156331000000    4.220220000000    5.713364000000
              26 H     -3.190322000000    5.175341000000    6.867837000000
              27 H     -2.476725000000    3.742610000000    6.071539000000
              28 C      8.187201000000   11.208129000000    7.868155000000
              29 H      8.979599000000   10.644071000000    7.370802000000
              30 H      8.475426000000   11.359087000000    8.908097000000
              31 H      8.130134000000   12.185623000000    7.383397000000
